-1.3020642344006643
-0.8231580509537156
-0.5765728739652811
-0.49448383882871183
-0.49448383882869035
0.1345205043291525
0.1345205043291729
0.66922568371591
0.4851749909307576
0.5984521710272532
0.598452171027256
0.6009814672427911
0.649098602524521
0.6490986025245215
0.6775121194524291
1.0454572904911155
1.0809477251657225
1.0809477251803636
1.2214396325781118
1.2214396325781292
1.4423198884456954
1.4423198884713821
1.8828630693716335
1.8828630693716406
1.8900071094592448
1.891902795490916
3.160308778588362
3.160308778588374
3.276701974313558
3.3690822275297014
3.3690822275297263
3.8353514907143382
3.8353514907146886
3.8893690462858337
3.88936904628584
4.021280848882911
4.08242441189529
4.08242441189537
4.112162427585236
4.320895822059488
4.320895822059502
4.681100833340558
4.767218690831757
4.767218690843828
4.773338163825941
4.773338163841392
4.999754251166667
4.99975425117223
5.025465559232735
5.025465559232756
5.145365922816406
5.14536592281642
5.552871265313518
5.832807095720868
6.0218116954458
6.027290386686971
6.027290386687023
10.692175706481974
