    -9.12144800e-01  2 2 2 2 2   2 2 0 0 0   0 0 0 0 0   0 0 0 
     9.97443827e-02  2 2 2 2 2   2 0 2 0 0   0 0 0 0 0   0 0 0 
     9.97443827e-02  2 2 2 2 2   0 2 0 2 0   0 0 0 0 0   0 0 0 
     7.77376179e-02  2 2 2 2 2   0 2 2 0 0   0 0 0 0 0   0 0 0 
     7.77376179e-02  2 2 2 2 2   2 0 0 2 0   0 0 0 0 0   0 0 0 
    -7.45167224e-02  2 2 2 2 2   b a 2 0 0   0 0 0 0 0   0 0 0 
    -7.45167224e-02  2 2 2 2 2   a b 2 0 0   0 0 0 0 0   0 0 0 
     7.45167224e-02  2 2 2 2 2   b a 0 2 0   0 0 0 0 0   0 0 0 
     7.45167224e-02  2 2 2 2 2   a b 0 2 0   0 0 0 0 0   0 0 0 
    -7.45128516e-02  2 2 2 2 2   2 0 b a 0   0 0 0 0 0   0 0 0 
     7.45128516e-02  2 2 2 2 2   0 2 b a 0   0 0 0 0 0   0 0 0 
    -7.45128516e-02  2 2 2 2 2   2 0 a b 0   0 0 0 0 0   0 0 0 
     7.45128516e-02  2 2 2 2 2   0 2 a b 0   0 0 0 0 0   0 0 0 
    -5.56569869e-02  2 2 2 2 2   0 0 2 2 0   0 0 0 0 0   0 0 0 
     5.36667406e-02  2 2 2 0 2   2 2 2 0 0   0 0 0 0 0   0 0 0 
     5.36667406e-02  2 2 2 0 2   2 2 0 2 0   0 0 0 0 0   0 0 0 
    -3.99385697e-02  2 2 2 2 2   b b a a 0   0 0 0 0 0   0 0 0 
    -3.99385697e-02  2 2 2 2 2   a a b b 0   0 0 0 0 0   0 0 0 
     3.44821745e-02  2 2 2 2 0   2 2 0 0 0   0 0 0 2 0   0 0 0 
     3.38616754e-02  2 2 2 2 0   2 2 0 0 2   0 0 0 0 0   0 0 0 
    -3.09777734e-02  2 2 2 2 2   b a b a 0   0 0 0 0 0   0 0 0 
    -3.09777734e-02  2 2 2 2 2   a b a b 0   0 0 0 0 0   0 0 0 
     2.54065346e-02  2 2 2 2 b   2 a b 0 a   0 0 0 0 0   0 0 0 
    -2.54065346e-02  2 2 2 2 b   a 2 0 b a   0 0 0 0 0   0 0 0 
     2.54065346e-02  2 2 2 2 a   2 b a 0 b   0 0 0 0 0   0 0 0 
    -2.54065346e-02  2 2 2 2 a   b 2 0 a b   0 0 0 0 0   0 0 0 
     2.47097110e-02  2 2 2 2 2   2 b 0 0 0   a 0 0 0 0   0 0 0 
     2.47097110e-02  2 2 2 2 2   2 a 0 0 0   b 0 0 0 0   0 0 0 
     2.47097110e-02  2 2 2 2 2   b 2 0 0 0   0 a 0 0 0   0 0 0 
     2.47097110e-02  2 2 2 2 2   a 2 0 0 0   0 b 0 0 0   0 0 0 
     2.40800188e-02  2 2 2 2 0   2 2 0 0 0   0 0 2 0 0   0 0 0 
     2.39410615e-02  2 2 2 2 b   2 b a 0 a   0 0 0 0 0   0 0 0 
    -2.39410615e-02  2 2 2 2 b   b 2 0 a a   0 0 0 0 0   0 0 0 
     2.39410615e-02  2 2 2 2 a   2 a b 0 b   0 0 0 0 0   0 0 0 
    -2.39410615e-02  2 2 2 2 a   a 2 0 b b   0 0 0 0 0   0 0 0 
     2.39224718e-02  2 2 2 2 0   2 2 2 0 0   0 0 0 0 0   0 0 0 
     2.39224718e-02  2 2 2 2 0   2 2 0 2 0   0 0 0 0 0   0 0 0 
    -2.23367471e-02  2 2 2 2 b   2 a b 0 0   0 0 0 a 0   0 0 0 
     2.23367471e-02  2 2 2 2 b   a 2 0 b 0   0 0 0 a 0   0 0 0 
    -2.23367471e-02  2 2 2 2 a   2 b a 0 0   0 0 0 b 0   0 0 0 
     2.23367471e-02  2 2 2 2 a   b 2 0 a 0   0 0 0 b 0   0 0 0 
     2.21922999e-02  2 2 0 2 2   2 2 0 0 2   0 0 0 0 0   0 0 0 
    -2.21835449e-02  2 2 2 2 2   0 2 0 b 0   0 0 0 0 0   a 0 0 
    -2.21835449e-02  2 2 2 2 2   0 2 0 a 0   0 0 0 0 0   b 0 0 
    -2.21835449e-02  2 2 2 2 2   2 0 b 0 0   0 0 0 0 0   0 a 0 
    -2.21835449e-02  2 2 2 2 2   2 0 a 0 0   0 0 0 0 0   0 b 0 
    -2.19299918e-02  2 2 2 2 b   a 2 b 0 a   0 0 0 0 0   0 0 0 
    -2.19299918e-02  2 2 2 2 b   2 a 0 b a   0 0 0 0 0   0 0 0 
    -2.19299918e-02  2 2 2 2 a   b 2 a 0 b   0 0 0 0 0   0 0 0 
    -2.19299918e-02  2 2 2 2 a   2 b 0 a b   0 0 0 0 0   0 0 0 
     2.13409550e-02  2 2 b 2 2   2 a b 0 a   0 0 0 0 0   0 0 0 
    -2.13409550e-02  2 2 b 2 2   a 2 0 b a   0 0 0 0 0   0 0 0 
     2.13409550e-02  2 2 a 2 2   2 b a 0 b   0 0 0 0 0   0 0 0 
    -2.13409550e-02  2 2 a 2 2   b 2 0 a b   0 0 0 0 0   0 0 0 
    -2.06650144e-02  2 2 2 2 b   b 2 a 0 a   0 0 0 0 0   0 0 0 
    -2.06650144e-02  2 2 2 2 b   2 b 0 a a   0 0 0 0 0   0 0 0 
    -2.06650144e-02  2 2 2 2 a   a 2 b 0 b   0 0 0 0 0   0 0 0 
    -2.06650144e-02  2 2 2 2 a   2 a 0 b b   0 0 0 0 0   0 0 0 
    -1.92810188e-02  2 2 2 2 0   2 2 0 0 b   0 0 0 a 0   0 0 0 
    -1.92810188e-02  2 2 2 2 0   2 2 0 0 a   0 0 0 b 0   0 0 0 
     1.92802353e-02  2 2 2 2 b   a 2 b 0 0   0 0 0 a 0   0 0 0 
     1.92802353e-02  2 2 2 2 b   2 a 0 b 0   0 0 0 a 0   0 0 0 
     1.92802353e-02  2 2 2 2 a   b 2 a 0 0   0 0 0 b 0   0 0 0 
     1.92802353e-02  2 2 2 2 a   2 b 0 a 0   0 0 0 b 0   0 0 0 
    -1.84208319e-02  2 2 b 2 2   a 2 b 0 a   0 0 0 0 0   0 0 0 
    -1.84208319e-02  2 2 b 2 2   2 a 0 b a   0 0 0 0 0   0 0 0 
    -1.84208319e-02  2 2 a 2 2   b 2 a 0 b   0 0 0 0 0   0 0 0 
    -1.84208319e-02  2 2 a 2 2   2 b 0 a b   0 0 0 0 0   0 0 0 
     1.81299454e-02  2 2 2 0 2   2 2 0 0 2   0 0 0 0 0   0 0 0 
     1.71179125e-02  2 2 a 2 2   2 b b 0 a   0 0 0 0 0   0 0 0 
    -1.71179125e-02  2 2 a 2 2   b 2 0 b a   0 0 0 0 0   0 0 0 
     1.71179125e-02  2 2 b 2 2   2 a a 0 b   0 0 0 0 0   0 0 0 
    -1.71179125e-02  2 2 b 2 2   a 2 0 a b   0 0 0 0 0   0 0 0 
     1.71170866e-02  2 2 2 a b   2 2 0 0 0   0 0 b a 0   0 0 0 
     1.71170866e-02  2 2 2 b a   2 2 0 0 0   0 0 a b 0   0 0 0 
    -1.69798824e-02  2 2 2 2 2   0 2 b 0 0   0 0 0 0 0   a 0 0 
    -1.69798824e-02  2 2 2 2 2   0 2 a 0 0   0 0 0 0 0   b 0 0 
     1.69798824e-02  2 2 2 2 2   2 0 0 b 0   0 0 0 0 0   0 a 0 
     1.69798824e-02  2 2 2 2 2   2 0 0 a 0   0 0 0 0 0   0 b 0 
    -1.61147688e-02  2 2 a 2 b   2 2 0 0 b   0 0 0 a 0   0 0 0 
    -1.61147688e-02  2 2 b 2 a   2 2 0 0 a   0 0 0 b 0   0 0 0 
    -1.58739449e-02  2 2 2 2 2   b a 0 b 0   0 0 0 0 0   a 0 0 
    -1.58739449e-02  2 2 2 2 2   a b 0 a 0   0 0 0 0 0   b 0 0 
     1.58739449e-02  2 2 2 2 2   a b b 0 0   0 0 0 0 0   0 a 0 
     1.58739449e-02  2 2 2 2 2   b a a 0 0   0 0 0 0 0   0 b 0 
     1.56843957e-02  2 2 2 2 2   b 2 0 0 0   a 0 0 0 0   0 0 0 
     1.56843957e-02  2 2 2 2 2   a 2 0 0 0   b 0 0 0 0   0 0 0 
    -1.56843957e-02  2 2 2 2 2   2 b 0 0 0   0 a 0 0 0   0 0 0 
    -1.56843957e-02  2 2 2 2 2   2 a 0 0 0   0 b 0 0 0   0 0 0 
     1.54464172e-02  2 2 2 2 2   2 0 0 0 0   2 0 0 0 0   0 0 0 
     1.54464172e-02  2 2 2 2 2   0 2 0 0 0   0 2 0 0 0   0 0 0 
     1.53964845e-02  2 2 2 b a   2 2 0 0 0   0 0 b a 0   0 0 0 
     1.53964845e-02  2 2 2 a b   2 2 0 0 0   0 0 a b 0   0 0 0 
    -1.48665616e-02  2 2 2 2 2   2 0 0 b 0   0 0 0 0 0   a 0 0 
    -1.48665616e-02  2 2 2 2 2   2 0 0 a 0   0 0 0 0 0   b 0 0 
    -1.48665616e-02  2 2 2 2 2   0 2 b 0 0   0 0 0 0 0   0 a 0 
    -1.48665616e-02  2 2 2 2 2   0 2 a 0 0   0 0 0 0 0   0 b 0 
    -1.48468455e-02  2 2 2 2 2   a b 0 b 0   0 0 0 0 0   a 0 0 
    -1.48468455e-02  2 2 2 2 2   b a 0 a 0   0 0 0 0 0   b 0 0 
     1.48468455e-02  2 2 2 2 2   b a b 0 0   0 0 0 0 0   0 a 0 
     1.48468455e-02  2 2 2 2 2   a b a 0 0   0 0 0 0 0   0 b 0 
    -1.47757193e-02  2 2 a 2 2   b 2 b 0 a   0 0 0 0 0   0 0 0 
    -1.47757193e-02  2 2 a 2 2   2 b 0 b a   0 0 0 0 0   0 0 0 
    -1.47757193e-02  2 2 b 2 2   a 2 a 0 b   0 0 0 0 0   0 0 0 
    -1.47757193e-02  2 2 b 2 2   2 a 0 a b   0 0 0 0 0   0 0 0 
    -1.47322752e-02  2 2 2 2 b   2 a 0 0 0   b 0 a 0 0   0 0 0 
    -1.47322752e-02  2 2 2 2 b   a 2 0 0 0   0 b a 0 0   0 0 0 
    -1.47322752e-02  2 2 2 2 a   2 b 0 0 0   a 0 b 0 0   0 0 0 
    -1.47322752e-02  2 2 2 2 a   b 2 0 0 0   0 a b 0 0   0 0 0 
     1.46957165e-02  2 2 2 0 2   2 2 0 0 0   0 0 0 2 0   0 0 0 
     1.43249978e-02  2 2 2 2 2   b b 0 0 0   a a 0 0 0   0 0 0 
     1.43249978e-02  2 2 2 2 2   a a 0 0 0   b b 0 0 0   0 0 0 
    -1.41731711e-02  2 2 2 2 a   b 2 0 0 0   0 0 0 b 0   a 0 0 
    -1.41731711e-02  2 2 2 2 b   a 2 0 0 0   0 0 0 a 0   b 0 0 
     1.41731711e-02  2 2 2 2 a   2 b 0 0 0   0 0 0 b 0   0 a 0 
     1.41731711e-02  2 2 2 2 b   2 a 0 0 0   0 0 0 a 0   0 b 0 
    -1.41322565e-02  2 2 2 2 b   2 b a 0 0   0 0 0 a 0   0 0 0 
     1.41322565e-02  2 2 2 2 b   b 2 0 a 0   0 0 0 a 0   0 0 0 
    -1.41322565e-02  2 2 2 2 a   2 a b 0 0   0 0 0 b 0   0 0 0 
     1.41322565e-02  2 2 2 2 a   a 2 0 b 0   0 0 0 b 0   0 0 0 
    -1.40758455e-02  2 2 2 b a   2 2 0 0 0   0 0 0 b a   0 0 0 
    -1.40758455e-02  2 2 2 a b   2 2 0 0 0   0 0 0 a b   0 0 0 
     1.38625004e-02  2 2 b 2 a   2 2 0 0 2   0 0 0 0 0   0 0 0 
     1.38625004e-02  2 2 a 2 b   2 2 0 0 2   0 0 0 0 0   0 0 0 
     1.37403429e-02  2 2 2 2 2   2 0 b 0 0   0 0 0 0 0   a 0 0 
     1.37403429e-02  2 2 2 2 2   2 0 a 0 0   0 0 0 0 0   b 0 0 
    -1.37403429e-02  2 2 2 2 2   0 2 0 b 0   0 0 0 0 0   0 a 0 
    -1.37403429e-02  2 2 2 2 2   0 2 0 a 0   0 0 0 0 0   0 b 0 
     1.21982607e-02  2 2 2 2 b   b 2 a 0 0   0 0 0 a 0   0 0 0 
     1.21982607e-02  2 2 2 2 b   2 b 0 a 0   0 0 0 a 0   0 0 0 
     1.21982607e-02  2 2 2 2 a   a 2 b 0 0   0 0 0 b 0   0 0 0 
     1.21982607e-02  2 2 2 2 a   2 a 0 b 0   0 0 0 b 0   0 0 0 
     1.21062484e-02  2 2 a 2 2   b 2 0 0 b   0 0 0 0 0   a 0 0 
     1.21062484e-02  2 2 b 2 2   a 2 0 0 a   0 0 0 0 0   b 0 0 
    -1.21062484e-02  2 2 a 2 2   2 b 0 0 b   0 0 0 0 0   0 a 0 
    -1.21062484e-02  2 2 b 2 2   2 a 0 0 a   0 0 0 0 0   0 b 0 
     1.18475585e-02  2 2 2 2 2   2 0 0 0 2   0 0 0 0 0   0 0 0 
     1.18475585e-02  2 2 2 2 2   0 2 0 0 2   0 0 0 0 0   0 0 0 
     1.18124702e-02  2 2 0 2 2   2 2 2 0 0   0 0 0 0 0   0 0 0 
     1.18124702e-02  2 2 0 2 2   2 2 0 2 0   0 0 0 0 0   0 0 0 
     1.17454108e-02  2 2 2 2 2   b b a 0 0   0 0 0 0 0   a 0 0 
     1.17454108e-02  2 2 2 2 2   a a b 0 0   0 0 0 0 0   b 0 0 
    -1.17454108e-02  2 2 2 2 2   b b 0 a 0   0 0 0 0 0   0 a 0 
    -1.17454108e-02  2 2 2 2 2   a a 0 b 0   0 0 0 0 0   0 b 0 
     1.16855923e-02  2 2 2 b 2   2 a b 0 0   0 0 0 0 a   0 0 0 
    -1.16855923e-02  2 2 2 b 2   a 2 0 b 0   0 0 0 0 a   0 0 0 
     1.16855923e-02  2 2 2 a 2   2 b a 0 0   0 0 0 0 b   0 0 0 
    -1.16855923e-02  2 2 2 a 2   b 2 0 a 0   0 0 0 0 b   0 0 0 
    -1.16170582e-02  2 2 b 2 2   2 a 0 0 0   b 0 0 0 a   0 0 0 
    -1.16170582e-02  2 2 b 2 2   a 2 0 0 0   0 b 0 0 a   0 0 0 
    -1.16170582e-02  2 2 a 2 2   2 b 0 0 0   a 0 0 0 b   0 0 0 
    -1.16170582e-02  2 2 a 2 2   b 2 0 0 0   0 a 0 0 b   0 0 0 
    -1.15196027e-02  2 2 0 2 2   2 2 0 0 b   0 0 0 a 0   0 0 0 
    -1.15196027e-02  2 2 0 2 2   2 2 0 0 a   0 0 0 b 0   0 0 0 
    -1.14549183e-02  2 2 2 2 b   2 b 0 0 0   a 0 a 0 0   0 0 0 
    -1.14549183e-02  2 2 2 2 b   b 2 0 0 0   0 a a 0 0   0 0 0 
    -1.14549183e-02  2 2 2 2 a   2 a 0 0 0   b 0 b 0 0   0 0 0 
    -1.14549183e-02  2 2 2 2 a   a 2 0 0 0   0 b b 0 0   0 0 0 
     1.12950277e-02  2 2 2 2 2   b a 0 0 0   b a 0 0 0   0 0 0 
     1.12950277e-02  2 2 2 2 2   a b 0 0 0   a b 0 0 0   0 0 0 
     1.12264504e-02  2 2 2 b 2   2 2 0 0 0   0 0 0 a 0   0 0 0 
     1.12264504e-02  2 2 2 a 2   2 2 0 0 0   0 0 0 b 0   0 0 0 
     1.11336673e-02  2 2 2 2 2   0 2 0 0 0   0 0 0 0 0   2 0 0 
     1.11336673e-02  2 2 2 2 2   2 0 0 0 0   0 0 0 0 0   0 2 0 
     1.09456276e-02  2 2 2 0 2   2 2 0 0 0   0 0 2 0 0   0 0 0 
    -1.08449411e-02  2 2 0 2 2   2 2 0 0 b   0 0 0 0 0   0 0 a 
    -1.08449411e-02  2 2 0 2 2   2 2 0 0 a   0 0 0 0 0   0 0 b 
    -1.06525231e-02  2 2 2 0 2   2 2 0 b 0   0 0 0 0 0   a 0 0 
    -1.06525231e-02  2 2 2 0 2   2 2 0 a 0   0 0 0 0 0   b 0 0 
    -1.06525231e-02  2 2 2 0 2   2 2 b 0 0   0 0 0 0 0   0 a 0 
    -1.06525231e-02  2 2 2 0 2   2 2 a 0 0   0 0 0 0 0   0 b 0 
     1.05784233e-02  2 2 2 2 b   a 0 2 b a   0 0 0 0 0   0 0 0 
    -1.05784233e-02  2 2 2 2 b   0 a b 2 a   0 0 0 0 0   0 0 0 
     1.05784233e-02  2 2 2 2 a   b 0 2 a b   0 0 0 0 0   0 0 0 
    -1.05784233e-02  2 2 2 2 a   0 b a 2 b   0 0 0 0 0   0 0 0 
     1.04988819e-02  2 2 0 2 2   2 2 0 0 0   0 0 0 0 2   0 0 0 
    -1.04962931e-02  2 2 2 2 b   2 2 0 0 0   0 0 0 0 a   0 0 0 
    -1.04962931e-02  2 2 2 2 a   2 2 0 0 0   0 0 0 0 b   0 0 0 
     1.02863930e-02  2 2 2 2 2   0 0 2 b 0   0 0 0 0 0   a 0 0 
     1.02863930e-02  2 2 2 2 2   0 0 2 a 0   0 0 0 0 0   b 0 0 
    -1.02863930e-02  2 2 2 2 2   0 0 b 2 0   0 0 0 0 0   0 a 0 
    -1.02863930e-02  2 2 2 2 2   0 0 a 2 0   0 0 0 0 0   0 b 0 
    -1.02229607e-02  2 2 2 2 a   2 b 0 0 0   0 0 0 b 0   a 0 0 
    -1.02229607e-02  2 2 2 2 b   2 a 0 0 0   0 0 0 a 0   b 0 0 
    -1.02229607e-02  2 2 2 2 a   b 2 0 0 0   0 0 0 b 0   0 a 0 
    -1.02229607e-02  2 2 2 2 b   a 2 0 0 0   0 0 0 a 0   0 b 0 
     1.01684733e-02  2 2 2 2 b   b 0 2 a a   0 0 0 0 0   0 0 0 
    -1.01684733e-02  2 2 2 2 b   0 b a 2 a   0 0 0 0 0   0 0 0 
     1.01684733e-02  2 2 2 2 a   a 0 2 b b   0 0 0 0 0   0 0 0 
    -1.01684733e-02  2 2 2 2 a   0 a b 2 b   0 0 0 0 0   0 0 0 
     1.01016939e-02  2 2 b 2 a   2 2 0 0 0   0 0 0 b 0   0 0 a 
     1.01016939e-02  2 2 a 2 b   2 2 0 0 0   0 0 0 a 0   0 0 b 
    -1.00863097e-02  2 2 2 b 2   a 2 b 0 0   0 0 0 0 a   0 0 0 
    -1.00863097e-02  2 2 2 b 2   2 a 0 b 0   0 0 0 0 a   0 0 0 
    -1.00863097e-02  2 2 2 a 2   b 2 a 0 0   0 0 0 0 b   0 0 0 
    -1.00863097e-02  2 2 2 a 2   2 b 0 a 0   0 0 0 0 b   0 0 0 
    -1.00028593e-02  2 2 2 b b   2 2 0 0 a   0 0 a 0 0   0 0 0 
    -1.00028593e-02  2 2 2 a a   2 2 0 0 b   0 0 b 0 0   0 0 0 
    -9.94572676e-03  2 2 2 a b   2 2 0 0 0   0 0 0 b a   0 0 0 
    -9.94572676e-03  2 2 2 b a   2 2 0 0 0   0 0 0 a b   0 0 0 
     9.93808372e-03  2 2 b 2 a   2 2 0 0 0   0 0 b 0 a   0 0 0 
     9.93808372e-03  2 2 a 2 b   2 2 0 0 0   0 0 a 0 b   0 0 0 
    -9.75600825e-03  2 2 2 b a   2 2 0 0 0   0 0 b 0 0   0 0 a 
    -9.75600825e-03  2 2 2 a b   2 2 0 0 0   0 0 a 0 0   0 0 b 
     9.74628144e-03  2 2 2 2 2   2 0 0 0 0   0 0 0 0 2   0 0 0 
     9.74628144e-03  2 2 2 2 2   0 2 0 0 0   0 0 0 0 2   0 0 0 
     9.62330291e-03  2 2 2 b 2   2 b a 0 0   0 0 0 0 a   0 0 0 
    -9.62330291e-03  2 2 2 b 2   b 2 0 a 0   0 0 0 0 a   0 0 0 
     9.62330291e-03  2 2 2 a 2   2 a b 0 0   0 0 0 0 b   0 0 0 
    -9.62330291e-03  2 2 2 a 2   a 2 0 b 0   0 0 0 0 b   0 0 0 
     9.61204091e-03  2 2 2 b 2   2 a 0 0 0   b 0 0 0 0   0 0 a 
     9.61204091e-03  2 2 2 b 2   a 2 0 0 0   0 b 0 0 0   0 0 a 
     9.61204091e-03  2 2 2 a 2   2 b 0 0 0   a 0 0 0 0   0 0 b 
     9.61204091e-03  2 2 2 a 2   b 2 0 0 0   0 a 0 0 0   0 0 b 
     9.54047632e-03  2 2 2 2 b   b 2 0 0 0   0 0 0 a 0   a 0 0 
     9.54047632e-03  2 2 2 2 a   a 2 0 0 0   0 0 0 b 0   b 0 0 
    -9.54047632e-03  2 2 2 2 b   2 b 0 0 0   0 0 0 a 0   0 a 0 
    -9.54047632e-03  2 2 2 2 a   2 a 0 0 0   0 0 0 b 0   0 b 0 
     9.53216875e-03  2 2 2 2 2   b a b 0 0   0 0 0 0 0   a 0 0 
     9.53216875e-03  2 2 2 2 2   a b a 0 0   0 0 0 0 0   b 0 0 
     9.53216875e-03  2 2 2 2 2   a b 0 b 0   0 0 0 0 0   0 a 0 
     9.53216875e-03  2 2 2 2 2   b a 0 a 0   0 0 0 0 0   0 b 0 
    -9.35109904e-03  2 2 2 2 b   a 2 0 0 0   b 0 a 0 0   0 0 0 
     9.35109904e-03  2 2 2 2 b   2 a 0 0 0   0 b a 0 0   0 0 0 
    -9.35109904e-03  2 2 2 2 a   b 2 0 0 0   a 0 b 0 0   0 0 0 
     9.35109904e-03  2 2 2 2 a   2 b 0 0 0   0 a b 0 0   0 0 0 
     9.27507890e-03  2 2 2 2 2   b b 0 0 0   0 0 0 0 0   a a 0 
     9.27507890e-03  2 2 2 2 2   a a 0 0 0   0 0 0 0 0   b b 0 
    -9.13110223e-03  2 2 2 2 b   0 a 2 b a   0 0 0 0 0   0 0 0 
    -9.13110223e-03  2 2 2 2 b   a 0 b 2 a   0 0 0 0 0   0 0 0 
    -9.13110223e-03  2 2 2 2 a   0 b 2 a b   0 0 0 0 0   0 0 0 
    -9.13110223e-03  2 2 2 2 a   b 0 a 2 b   0 0 0 0 0   0 0 0 
    -9.13004497e-03  2 2 2 b 2   2 a b 0 0   0 0 a 0 0   0 0 0 
     9.13004497e-03  2 2 2 b 2   a 2 0 b 0   0 0 a 0 0   0 0 0 
    -9.13004497e-03  2 2 2 a 2   2 b a 0 0   0 0 b 0 0   0 0 0 
     9.13004497e-03  2 2 2 a 2   b 2 0 a 0   0 0 b 0 0   0 0 0 
    -9.06013807e-03  2 2 b 2 a   2 2 0 0 b   0 0 0 a 0   0 0 0 
    -9.06013807e-03  2 2 a 2 b   2 2 0 0 a   0 0 0 b 0   0 0 0 
    -9.00470148e-03  2 2 2 0 2   2 0 2 2 0   0 0 0 0 0   0 0 0 
    -9.00470148e-03  2 2 2 0 2   0 2 2 2 0   0 0 0 0 0   0 0 0 
     8.97011953e-03  2 2 2 2 2   a b b a 0   0 0 0 0 0   0 0 0 
     8.97011953e-03  2 2 2 2 2   b a a b 0   0 0 0 0 0   0 0 0 
    -8.90612133e-03  2 2 2 b 2   2 2 0 0 a   0 0 0 0 0   0 0 0 
    -8.90612133e-03  2 2 2 a 2   2 2 0 0 b   0 0 0 0 0   0 0 0 
     8.87588845e-03  2 2 2 b a   2 2 0 0 b   0 0 0 0 a   0 0 0 
     8.87588845e-03  2 2 2 a b   2 2 0 0 a   0 0 0 0 b   0 0 0 
    -8.80236043e-03  2 2 b 2 a   2 2 2 0 0   0 0 0 0 0   0 0 0 
    -8.80236043e-03  2 2 a 2 b   2 2 2 0 0   0 0 0 0 0   0 0 0 
    -8.80236043e-03  2 2 b 2 a   2 2 0 2 0   0 0 0 0 0   0 0 0 
    -8.80236043e-03  2 2 a 2 b   2 2 0 2 0   0 0 0 0 0   0 0 0 
     8.78530830e-03  2 2 2 2 2   b a 0 0 0   2 0 0 0 0   0 0 0 
     8.78530830e-03  2 2 2 2 2   a b 0 0 0   2 0 0 0 0   0 0 0 
    -8.78530830e-03  2 2 2 2 2   b a 0 0 0   0 2 0 0 0   0 0 0 
    -8.78530830e-03  2 2 2 2 2   a b 0 0 0   0 2 0 0 0   0 0 0 
    -8.78483369e-03  2 2 2 2 2   2 0 0 0 0   b a 0 0 0   0 0 0 
     8.78483369e-03  2 2 2 2 2   0 2 0 0 0   b a 0 0 0   0 0 0 
    -8.78483369e-03  2 2 2 2 2   2 0 0 0 0   a b 0 0 0   0 0 0 
     8.78483369e-03  2 2 2 2 2   0 2 0 0 0   a b 0 0 0   0 0 0 
    -8.77731566e-03  2 2 2 2 b   0 b 2 a a   0 0 0 0 0   0 0 0 
    -8.77731566e-03  2 2 2 2 b   b 0 a 2 a   0 0 0 0 0   0 0 0 
    -8.77731566e-03  2 2 2 2 a   0 a 2 b b   0 0 0 0 0   0 0 0 
    -8.77731566e-03  2 2 2 2 a   a 0 b 2 b   0 0 0 0 0   0 0 0 
     8.73204353e-03  2 2 a 2 2   2 b 0 0 b   0 0 0 0 0   a 0 0 
     8.73204353e-03  2 2 b 2 2   2 a 0 0 a   0 0 0 0 0   b 0 0 
     8.73204353e-03  2 2 a 2 2   b 2 0 0 b   0 0 0 0 0   0 a 0 
     8.73204353e-03  2 2 b 2 2   a 2 0 0 a   0 0 0 0 0   0 b 0 
     8.54370848e-03  2 2 a b 2   2 2 0 b 0   a 0 0 0 0   0 0 0 
     8.54370848e-03  2 2 b a 2   2 2 0 a 0   b 0 0 0 0   0 0 0 
     8.54370848e-03  2 2 a b 2   2 2 b 0 0   0 a 0 0 0   0 0 0 
     8.54370848e-03  2 2 b a 2   2 2 a 0 0   0 b 0 0 0   0 0 0 
    -8.42606939e-03  2 2 2 2 b   a 0 2 b 0   0 0 0 a 0   0 0 0 
     8.42606939e-03  2 2 2 2 b   0 a b 2 0   0 0 0 a 0   0 0 0 
    -8.42606939e-03  2 2 2 2 a   b 0 2 a 0   0 0 0 b 0   0 0 0 
     8.42606939e-03  2 2 2 2 a   0 b a 2 0   0 0 0 b 0   0 0 0 
     8.40752112e-03  2 2 2 a 2   b 2 0 0 0   0 0 0 0 b   a 0 0 
     8.40752112e-03  2 2 2 b 2   a 2 0 0 0   0 0 0 0 a   b 0 0 
    -8.40752112e-03  2 2 2 a 2   2 b 0 0 0   0 0 0 0 b   0 a 0 
    -8.40752112e-03  2 2 2 b 2   2 a 0 0 0   0 0 0 0 a   0 b 0 
    -8.35428828e-03  2 2 2 a 2   2 b b 0 0   0 0 a 0 0   0 0 0 
     8.35428828e-03  2 2 2 a 2   b 2 0 b 0   0 0 a 0 0   0 0 0 
    -8.35428828e-03  2 2 2 b 2   2 a a 0 0   0 0 b 0 0   0 0 0 
     8.35428828e-03  2 2 2 b 2   a 2 0 a 0   0 0 b 0 0   0 0 0 
    -8.30637083e-03  2 2 2 b 2   b 2 a 0 0   0 0 0 0 a   0 0 0 
    -8.30637083e-03  2 2 2 b 2   2 b 0 a 0   0 0 0 0 a   0 0 0 
    -8.30637083e-03  2 2 2 a 2   a 2 b 0 0   0 0 0 0 b   0 0 0 
    -8.30637083e-03  2 2 2 a 2   2 a 0 b 0   0 0 0 0 b   0 0 0 
    -8.19739943e-03  2 2 2 2 a   2 b b 0 0   0 0 0 a 0   0 0 0 
     8.19739943e-03  2 2 2 2 a   b 2 0 b 0   0 0 0 a 0   0 0 0 
    -8.19739943e-03  2 2 2 2 b   2 a a 0 0   0 0 0 b 0   0 0 0 
     8.19739943e-03  2 2 2 2 b   a 2 0 a 0   0 0 0 b 0   0 0 0 
    -8.13676278e-03  2 2 2 b 2   2 a 0 0 0   b 0 0 a 0   0 0 0 
    -8.13676278e-03  2 2 2 b 2   a 2 0 0 0   0 b 0 a 0   0 0 0 
    -8.13676278e-03  2 2 2 a 2   2 b 0 0 0   a 0 0 b 0   0 0 0 
    -8.13676278e-03  2 2 2 a 2   b 2 0 0 0   0 a 0 b 0   0 0 0 
    -7.96403813e-03  2 2 2 a 2   b 2 0 0 0   0 0 b 0 0   a 0 0 
    -7.96403813e-03  2 2 2 b 2   a 2 0 0 0   0 0 a 0 0   b 0 0 
     7.96403813e-03  2 2 2 a 2   2 b 0 0 0   0 0 b 0 0   0 a 0 
     7.96403813e-03  2 2 2 b 2   2 a 0 0 0   0 0 a 0 0   0 b 0 
     7.96395181e-03  2 2 2 a b   2 2 0 0 b   0 0 a 0 0   0 0 0 
     7.96395181e-03  2 2 2 b a   2 2 0 0 a   0 0 b 0 0   0 0 0 
     7.88045984e-03  2 2 2 b 2   a 2 b 0 0   0 0 a 0 0   0 0 0 
     7.88045984e-03  2 2 2 b 2   2 a 0 b 0   0 0 a 0 0   0 0 0 
     7.88045984e-03  2 2 2 a 2   b 2 a 0 0   0 0 b 0 0   0 0 0 
     7.88045984e-03  2 2 2 a 2   2 b 0 a 0   0 0 b 0 0   0 0 0 
    -7.84230480e-03  2 2 a b 2   2 2 0 0 0   0 0 0 0 b   0 0 a 
    -7.84230480e-03  2 2 b a 2   2 2 0 0 0   0 0 0 0 a   0 0 b 
     7.55649163e-03  2 2 b a 2   2 2 0 b 0   a 0 0 0 0   0 0 0 
     7.55649163e-03  2 2 a b 2   2 2 0 a 0   b 0 0 0 0   0 0 0 
     7.55649163e-03  2 2 b a 2   2 2 b 0 0   0 a 0 0 0   0 0 0 
     7.55649163e-03  2 2 a b 2   2 2 a 0 0   0 b 0 0 0   0 0 0 
    -7.46308702e-03  2 2 2 a 2   2 b 0 0 b   a 0 0 0 0   0 0 0 
    -7.46308702e-03  2 2 2 b 2   2 a 0 0 a   b 0 0 0 0   0 0 0 
    -7.46308702e-03  2 2 2 a 2   b 2 0 0 b   0 a 0 0 0   0 0 0 
    -7.46308702e-03  2 2 2 b 2   a 2 0 0 a   0 b 0 0 0   0 0 0 
    -7.37372052e-03  2 2 b 2 2   a 2 0 0 0   b 0 0 0 a   0 0 0 
     7.37372052e-03  2 2 b 2 2   2 a 0 0 0   0 b 0 0 a   0 0 0 
    -7.37372052e-03  2 2 a 2 2   b 2 0 0 0   a 0 0 0 b   0 0 0 
     7.37372052e-03  2 2 a 2 2   2 b 0 0 0   0 a 0 0 b   0 0 0 
     7.35744607e-03  2 2 0 2 2   2 2 0 0 0   0 0 0 2 0   0 0 0 
     7.29289224e-03  2 2 b 2 2   a 0 2 b a   0 0 0 0 0   0 0 0 
    -7.29289224e-03  2 2 b 2 2   0 a b 2 a   0 0 0 0 0   0 0 0 
     7.29289224e-03  2 2 a 2 2   b 0 2 a b   0 0 0 0 0   0 0 0 
    -7.29289224e-03  2 2 a 2 2   0 b a 2 b   0 0 0 0 0   0 0 0 
     7.27316007e-03  2 2 2 2 b   0 a 2 b 0   0 0 0 a 0   0 0 0 
     7.27316007e-03  2 2 2 2 b   a 0 b 2 0   0 0 0 a 0   0 0 0 
     7.27316007e-03  2 2 2 2 a   0 b 2 a 0   0 0 0 b 0   0 0 0 
     7.27316007e-03  2 2 2 2 a   b 0 a 2 0   0 0 0 b 0   0 0 0 
    -7.27069489e-03  2 2 2 2 b   b 2 0 0 0   a 0 a 0 0   0 0 0 
     7.27069489e-03  2 2 2 2 b   2 b 0 0 0   0 a a 0 0   0 0 0 
    -7.27069489e-03  2 2 2 2 a   a 2 0 0 0   b 0 b 0 0   0 0 0 
     7.27069489e-03  2 2 2 2 a   2 a 0 0 0   0 b b 0 0   0 0 0 
     7.21096144e-03  2 2 2 a 2   b 2 b 0 0   0 0 a 0 0   0 0 0 
     7.21096144e-03  2 2 2 a 2   2 b 0 b 0   0 0 a 0 0   0 0 0 
     7.21096144e-03  2 2 2 b 2   a 2 a 0 0   0 0 b 0 0   0 0 0 
     7.21096144e-03  2 2 2 b 2   2 a 0 a 0   0 0 b 0 0   0 0 0 
     7.21010349e-03  2 2 0 2 2   2 2 0 0 0   0 0 0 0 0   0 0 2 
     7.20270231e-03  2 2 2 a b   2 2 0 0 b   0 0 0 0 a   0 0 0 
     7.20270231e-03  2 2 2 b a   2 2 0 0 a   0 0 0 0 b   0 0 0 
    -7.19529005e-03  2 2 b 2 a   2 2 0 0 b   0 0 0 0 0   0 0 a 
    -7.19529005e-03  2 2 a 2 b   2 2 0 0 a   0 0 0 0 0   0 0 b 
     7.18249113e-03  2 2 2 2 2   0 2 0 0 0   2 0 0 0 0   0 0 0 
     7.18249113e-03  2 2 2 2 2   2 0 0 0 0   0 2 0 0 0   0 0 0 
    -7.14405402e-03  2 2 2 0 2   2 2 0 0 0   0 0 b 0 a   0 0 0 
    -7.14405402e-03  2 2 2 0 2   2 2 0 0 0   0 0 a 0 b   0 0 0 
     7.11458835e-03  2 2 a b 2   2 2 0 0 b   0 0 0 0 a   0 0 0 
     7.11458835e-03  2 2 b a 2   2 2 0 0 a   0 0 0 0 b   0 0 0 
    -7.10924904e-03  2 2 2 2 2   2 0 0 0 0   0 0 0 0 0   b a 0 
     7.10924904e-03  2 2 2 2 2   0 2 0 0 0   0 0 0 0 0   b a 0 
    -7.10924904e-03  2 2 2 2 2   2 0 0 0 0   0 0 0 0 0   a b 0 
     7.10924904e-03  2 2 2 2 2   0 2 0 0 0   0 0 0 0 0   a b 0 
     7.10916187e-03  2 2 2 2 2   b a 0 0 0   0 0 0 0 0   2 0 0 
     7.10916187e-03  2 2 2 2 2   a b 0 0 0   0 0 0 0 0   2 0 0 
    -7.10916187e-03  2 2 2 2 2   b a 0 0 0   0 0 0 0 0   0 2 0 
    -7.10916187e-03  2 2 2 2 2   a b 0 0 0   0 0 0 0 0   0 2 0 
     7.07563945e-03  2 2 2 2 a   b 2 b 0 0   0 0 0 a 0   0 0 0 
     7.07563945e-03  2 2 2 2 a   2 b 0 b 0   0 0 0 a 0   0 0 0 
     7.07563945e-03  2 2 2 2 b   a 2 a 0 0   0 0 0 b 0   0 0 0 
     7.07563945e-03  2 2 2 2 b   2 a 0 a 0   0 0 0 b 0   0 0 0 
    -7.06757226e-03  2 2 b 2 2   a 2 0 0 0   0 0 0 0 0   b 0 a 
     7.06757226e-03  2 2 b 2 2   2 a 0 0 0   0 0 0 0 0   0 b a 
    -7.06757226e-03  2 2 a 2 2   b 2 0 0 0   0 0 0 0 0   a 0 b 
     7.06757226e-03  2 2 a 2 2   2 b 0 0 0   0 0 0 0 0   0 a b 
     7.05123050e-03  2 2 b 2 b   2 2 0 0 a   0 0 0 a 0   0 0 0 
     7.05123050e-03  2 2 a 2 a   2 2 0 0 b   0 0 0 b 0   0 0 0 
    -7.00217972e-03  2 2 2 2 2   a b 0 0 0   0 0 0 0 0   b a 0 
    -7.00217972e-03  2 2 2 2 2   b a 0 0 0   0 0 0 0 0   a b 0 
    -6.99107746e-03  2 2 2 b a   2 2 0 b 0   a 0 0 0 0   0 0 0 
    -6.99107746e-03  2 2 2 a b   2 2 0 a 0   b 0 0 0 0   0 0 0 
    -6.99107746e-03  2 2 2 b a   2 2 b 0 0   0 a 0 0 0   0 0 0 
    -6.99107746e-03  2 2 2 a b   2 2 a 0 0   0 b 0 0 0   0 0 0 
     6.94825412e-03  2 2 b 2 2   a 2 0 0 b   0 0 0 0 0   a 0 0 
     6.94825412e-03  2 2 a 2 2   b 2 0 0 a   0 0 0 0 0   b 0 0 
    -6.94825412e-03  2 2 b 2 2   2 a 0 0 b   0 0 0 0 0   0 a 0 
    -6.94825412e-03  2 2 a 2 2   2 b 0 0 a   0 0 0 0 0   0 b 0 
     6.88136428e-03  2 2 2 2 b   2 b 0 0 0   0 0 0 a 0   a 0 0 
     6.88136428e-03  2 2 2 2 a   2 a 0 0 0   0 0 0 b 0   b 0 0 
     6.88136428e-03  2 2 2 2 b   b 2 0 0 0   0 0 0 a 0   0 a 0 
     6.88136428e-03  2 2 2 2 a   a 2 0 0 0   0 0 0 b 0   0 b 0 
    -6.79734432e-03  2 2 b 2 2   2 a b 0 0   0 0 0 0 0   0 0 a 
     6.79734432e-03  2 2 b 2 2   a 2 0 b 0   0 0 0 0 0   0 0 a 
    -6.79734432e-03  2 2 a 2 2   2 b a 0 0   0 0 0 0 0   0 0 b 
     6.79734432e-03  2 2 a 2 2   b 2 0 a 0   0 0 0 0 0   0 0 b 
    -6.78516952e-03  2 2 b 2 2   2 b 0 0 0   a 0 0 0 a   0 0 0 
    -6.78516952e-03  2 2 b 2 2   b 2 0 0 0   0 a 0 0 a   0 0 0 
    -6.78516952e-03  2 2 a 2 2   2 a 0 0 0   b 0 0 0 b   0 0 0 
    -6.78516952e-03  2 2 a 2 2   a 2 0 0 0   0 b 0 0 b   0 0 0 
    -6.69735617e-03  2 2 0 2 2   2 2 0 b 0   0 0 0 0 0   a 0 0 
    -6.69735617e-03  2 2 0 2 2   2 2 0 a 0   0 0 0 0 0   b 0 0 
    -6.69735617e-03  2 2 0 2 2   2 2 b 0 0   0 0 0 0 0   0 a 0 
    -6.69735617e-03  2 2 0 2 2   2 2 a 0 0   0 0 0 0 0   0 b 0 
     6.55929206e-03  2 2 2 2 a   b 2 0 0 b   0 0 0 0 0   a 0 0 
     6.55929206e-03  2 2 2 2 b   a 2 0 0 a   0 0 0 0 0   b 0 0 
    -6.55929206e-03  2 2 2 2 a   2 b 0 0 b   0 0 0 0 0   0 a 0 
    -6.55929206e-03  2 2 2 2 b   2 a 0 0 a   0 0 0 0 0   0 b 0 
     6.52512296e-03  2 2 2 0 2   2 2 0 0 0   0 0 0 0 2   0 0 0 
     6.51336883e-03  2 2 b a 2   2 2 0 0 b   0 0 0 0 a   0 0 0 
     6.51336883e-03  2 2 a b 2   2 2 0 0 a   0 0 0 0 b   0 0 0 
    -6.51008506e-03  2 2 a 2 b   2 2 0 0 b   0 0 0 0 0   0 0 a 
    -6.51008506e-03  2 2 b 2 a   2 2 0 0 a   0 0 0 0 0   0 0 b 
     6.47531054e-03  2 2 2 2 0   0 0 2 2 2   0 0 0 0 0   0 0 0 
     6.40837440e-03  2 2 b 2 b   2 2 0 0 0   0 0 a 0 a   0 0 0 
     6.40837440e-03  2 2 a 2 a   2 2 0 0 0   0 0 b 0 b   0 0 0 
     6.40510311e-03  2 2 2 2 2   2 0 0 0 0   0 0 0 0 0   2 0 0 
     6.40510311e-03  2 2 2 2 2   0 2 0 0 0   0 0 0 0 0   0 2 0 
    -6.39404940e-03  2 2 b 2 2   2 a b 0 0   0 0 0 a 0   0 0 0 
     6.39404940e-03  2 2 b 2 2   a 2 0 b 0   0 0 0 a 0   0 0 0 
    -6.39404940e-03  2 2 a 2 2   2 b a 0 0   0 0 0 b 0   0 0 0 
     6.39404940e-03  2 2 a 2 2   b 2 0 a 0   0 0 0 b 0   0 0 0 
    -6.37450032e-03  2 2 2 2 b   b 0 2 a 0   0 0 0 a 0   0 0 0 
     6.37450032e-03  2 2 2 2 b   0 b a 2 0   0 0 0 a 0   0 0 0 
    -6.37450032e-03  2 2 2 2 a   a 0 2 b 0   0 0 0 b 0   0 0 0 
     6.37450032e-03  2 2 2 2 a   0 a b 2 0   0 0 0 b 0   0 0 0 
    -6.31393310e-03  2 2 2 2 0   2 0 2 0 2   0 0 0 0 0   0 0 0 
    -6.31393310e-03  2 2 2 2 0   0 2 0 2 2   0 0 0 0 0   0 0 0 
    -6.29506107e-03  2 2 b 2 2   0 a 2 b a   0 0 0 0 0   0 0 0 
    -6.29506107e-03  2 2 b 2 2   a 0 b 2 a   0 0 0 0 0   0 0 0 
    -6.29506107e-03  2 2 a 2 2   0 b 2 a b   0 0 0 0 0   0 0 0 
    -6.29506107e-03  2 2 a 2 2   b 0 a 2 b   0 0 0 0 0   0 0 0 
    -6.25776010e-03  2 2 2 b 2   2 b 0 0 0   a 0 0 a 0   0 0 0 
    -6.25776010e-03  2 2 2 b 2   b 2 0 0 0   0 a 0 a 0   0 0 0 
    -6.25776010e-03  2 2 2 a 2   2 a 0 0 0   b 0 0 b 0   0 0 0 
    -6.25776010e-03  2 2 2 a 2   a 2 0 0 0   0 b 0 b 0   0 0 0 
    -6.10464395e-03  2 2 2 2 2   a 0 b b 0   a 0 0 0 0   0 0 0 
    -6.10464395e-03  2 2 2 2 2   b 0 a a 0   b 0 0 0 0   0 0 0 
    -6.10464395e-03  2 2 2 2 2   0 a b b 0   0 a 0 0 0   0 0 0 
    -6.10464395e-03  2 2 2 2 2   0 b a a 0   0 b 0 0 0   0 0 0 
     6.10100972e-03  2 2 2 b 2   a 2 0 0 0   b 0 0 0 0   0 0 a 
    -6.10100972e-03  2 2 2 b 2   2 a 0 0 0   0 b 0 0 0   0 0 a 
     6.10100972e-03  2 2 2 a 2   b 2 0 0 0   a 0 0 0 0   0 0 b 
    -6.10100972e-03  2 2 2 a 2   2 b 0 0 0   0 a 0 0 0   0 0 b 
     6.06389712e-03  2 2 2 a 2   2 b 0 0 0   0 0 0 0 b   a 0 0 
     6.06389712e-03  2 2 2 b 2   2 a 0 0 0   0 0 0 0 a   b 0 0 
     6.06389712e-03  2 2 2 a 2   b 2 0 0 0   0 0 0 0 b   0 a 0 
     6.06389712e-03  2 2 2 b 2   a 2 0 0 0   0 0 0 0 a   0 b 0 
    -6.04641646e-03  2 2 2 0 2   2 2 0 0 0   0 0 0 b 0   0 0 a 
    -6.04641646e-03  2 2 2 0 2   2 2 0 0 0   0 0 0 a 0   0 0 b 
     5.92343687e-03  2 2 0 2 2   2 2 0 0 0   0 0 0 b 0   0 0 a 
     5.92343687e-03  2 2 0 2 2   2 2 0 0 0   0 0 0 a 0   0 0 b 
    -5.88243726e-03  2 2 2 b b   2 2 0 0 0   0 0 a 0 0   0 0 a 
    -5.88243726e-03  2 2 2 a a   2 2 0 0 0   0 0 b 0 0   0 0 b 
     5.86713713e-03  2 2 b 2 2   a 2 b 0 0   0 0 0 0 0   0 0 a 
     5.86713713e-03  2 2 b 2 2   2 a 0 b 0   0 0 0 0 0   0 0 a 
     5.86713713e-03  2 2 a 2 2   b 2 a 0 0   0 0 0 0 0   0 0 b 
     5.86713713e-03  2 2 a 2 2   2 b 0 a 0   0 0 0 0 0   0 0 b 
     5.82911899e-03  2 2 2 0 2   2 2 0 0 0   0 0 0 0 0   0 0 2 
     5.81775033e-03  2 2 2 2 0   2 2 0 0 0   0 0 0 0 2   0 0 0 
    -5.74400597e-03  2 2 2 a 2   2 b 0 0 0   0 0 b 0 0   a 0 0 
    -5.74400597e-03  2 2 2 b 2   2 a 0 0 0   0 0 a 0 0   b 0 0 
    -5.74400597e-03  2 2 2 a 2   b 2 0 0 0   0 0 b 0 0   0 a 0 
    -5.74400597e-03  2 2 2 b 2   a 2 0 0 0   0 0 a 0 0   0 b 0 
    -5.73471798e-03  2 2 b a 2   2 2 0 0 0   0 0 0 0 b   0 0 a 
    -5.73471798e-03  2 2 a b 2   2 2 0 0 0   0 0 0 0 a   0 0 b 
     5.68300386e-03  2 2 2 b 2   2 b 0 0 0   a 0 0 0 0   0 0 a 
     5.68300386e-03  2 2 2 b 2   b 2 0 0 0   0 a 0 0 0   0 0 a 
     5.68300386e-03  2 2 2 a 2   2 a 0 0 0   b 0 0 0 0   0 0 b 
     5.68300386e-03  2 2 2 a 2   a 2 0 0 0   0 b 0 0 0   0 0 b 
     5.57986255e-03  2 2 a 2 b   2 2 0 0 0   0 0 0 b 0   0 0 a 
     5.57986255e-03  2 2 b 2 a   2 2 0 0 0   0 0 0 a 0   0 0 b 
    -5.53637017e-03  2 2 2 2 b   b 2 0 0 a   0 0 0 0 0   a 0 0 
    -5.53637017e-03  2 2 2 2 a   a 2 0 0 b   0 0 0 0 0   b 0 0 
     5.53637017e-03  2 2 2 2 b   2 b 0 0 a   0 0 0 0 0   0 a 0 
     5.53637017e-03  2 2 2 2 a   2 a 0 0 b   0 0 0 0 0   0 b 0 
     5.51902859e-03  2 2 b 2 2   a 2 b 0 0   0 0 0 a 0   0 0 0 
     5.51902859e-03  2 2 b 2 2   2 a 0 b 0   0 0 0 a 0   0 0 0 
     5.51902859e-03  2 2 a 2 2   b 2 a 0 0   0 0 0 b 0   0 0 0 
     5.51902859e-03  2 2 a 2 2   2 b 0 a 0   0 0 0 b 0   0 0 0 
     5.50245790e-03  2 2 2 2 b   0 b 2 a 0   0 0 0 a 0   0 0 0 
     5.50245790e-03  2 2 2 2 b   b 0 a 2 0   0 0 0 a 0   0 0 0 
     5.50245790e-03  2 2 2 2 a   0 a 2 b 0   0 0 0 b 0   0 0 0 
     5.50245790e-03  2 2 2 2 a   a 0 b 2 0   0 0 0 b 0   0 0 0 
     5.44086549e-03  2 2 2 0 2   2 2 0 0 0   0 0 0 0 0   2 0 0 
     5.44086549e-03  2 2 2 0 2   2 2 0 0 0   0 0 0 0 0   0 2 0 
    -5.32891560e-03  2 2 2 b a   b 2 2 a 0   0 0 0 0 0   0 0 0 
    -5.32891560e-03  2 2 2 a b   a 2 2 b 0   0 0 0 0 0   0 0 0 
    -5.32891560e-03  2 2 2 b a   2 b a 2 0   0 0 0 0 0   0 0 0 
    -5.32891560e-03  2 2 2 a b   2 a b 2 0   0 0 0 0 0   0 0 0 
    -5.16451260e-03  2 2 2 b 2   a 2 0 0 0   b 0 0 a 0   0 0 0 
     5.16451260e-03  2 2 2 b 2   2 a 0 0 0   0 b 0 a 0   0 0 0 
    -5.16451260e-03  2 2 2 a 2   b 2 0 0 0   a 0 0 b 0   0 0 0 
     5.16451260e-03  2 2 2 a 2   2 b 0 0 0   0 a 0 b 0   0 0 0 
    -5.15413227e-03  2 2 b 2 2   b 2 0 0 a   0 0 0 0 0   a 0 0 
    -5.15413227e-03  2 2 a 2 2   a 2 0 0 b   0 0 0 0 0   b 0 0 
     5.15413227e-03  2 2 b 2 2   2 b 0 0 a   0 0 0 0 0   0 a 0 
     5.15413227e-03  2 2 a 2 2   2 a 0 0 b   0 0 0 0 0   0 b 0 
    -5.09764836e-03  2 2 b 2 2   2 a 0 0 0   0 0 0 0 0   b 0 a 
    -5.09764836e-03  2 2 b 2 2   a 2 0 0 0   0 0 0 0 0   0 b a 
    -5.09764836e-03  2 2 a 2 2   2 b 0 0 0   0 0 0 0 0   a 0 b 
    -5.09764836e-03  2 2 a 2 2   b 2 0 0 0   0 0 0 0 0   0 a b 
    -5.02138484e-03  2 2 2 2 0   2 0 2 0 0   0 0 0 2 0   0 0 0 
    -5.02138484e-03  2 2 2 2 0   0 2 0 2 0   0 0 0 2 0   0 0 0 
     5.01194950e-03  2 2 b 2 2   2 a 0 0 b   0 0 0 0 0   a 0 0 
     5.01194950e-03  2 2 a 2 2   2 b 0 0 a   0 0 0 0 0   b 0 0 
     5.01194950e-03  2 2 b 2 2   a 2 0 0 b   0 0 0 0 0   0 a 0 
     5.01194950e-03  2 2 a 2 2   b 2 0 0 a   0 0 0 0 0   0 b 0 
    -5.00466792e-03  2 2 2 a b   b 2 2 a 0   0 0 0 0 0   0 0 0 
    -5.00466792e-03  2 2 2 b a   a 2 2 b 0   0 0 0 0 0   0 0 0 
    -5.00466792e-03  2 2 2 a b   2 b a 2 0   0 0 0 0 0   0 0 0 
    -5.00466792e-03  2 2 2 b a   2 a b 2 0   0 0 0 0 0   0 0 0 
     4.95037108e-03  2 2 b 2 a   2 2 0 0 0   0 0 0 2 0   0 0 0 
     4.95037108e-03  2 2 a 2 b   2 2 0 0 0   0 0 0 2 0   0 0 0 
    -4.93797028e-03  2 2 2 2 0   0 2 2 0 2   0 0 0 0 0   0 0 0 
    -4.93797028e-03  2 2 2 2 0   2 0 0 2 2   0 0 0 0 0   0 0 0 
    -4.89768585e-03  2 2 a b 2   2 2 0 0 0   b 0 0 0 0   a 0 0 
    -4.89768585e-03  2 2 b a 2   2 2 0 0 0   a 0 0 0 0   b 0 0 
    -4.89768585e-03  2 2 a b 2   2 2 0 0 0   0 b 0 0 0   0 a 0 
    -4.89768585e-03  2 2 b a 2   2 2 0 0 0   0 a 0 0 0   0 b 0 
     4.89244253e-03  2 2 2 b 2   a 2 0 0 0   0 0 0 0 b   a 0 0 
     4.89244253e-03  2 2 2 a 2   b 2 0 0 0   0 0 0 0 a   b 0 0 
    -4.89244253e-03  2 2 2 b 2   2 a 0 0 0   0 0 0 0 b   0 a 0 
    -4.89244253e-03  2 2 2 a 2   2 b 0 0 0   0 0 0 0 a   0 b 0 
     4.88733545e-03  2 2 2 0 2   2 2 0 0 0   2 0 0 0 0   0 0 0 
     4.88733545e-03  2 2 2 0 2   2 2 0 0 0   0 2 0 0 0   0 0 0 
    -4.82755540e-03  2 2 a 2 2   2 b 0 0 0   b 0 0 0 a   0 0 0 
    -4.82755540e-03  2 2 a 2 2   b 2 0 0 0   0 b 0 0 a   0 0 0 
    -4.82755540e-03  2 2 b 2 2   2 a 0 0 0   a 0 0 0 b   0 0 0 
    -4.82755540e-03  2 2 b 2 2   a 2 0 0 0   0 a 0 0 b   0 0 0 
    -4.78649341e-03  2 2 2 b 2   2 a 0 0 b   a 0 0 0 0   0 0 0 
    -4.78649341e-03  2 2 2 a 2   2 b 0 0 a   b 0 0 0 0   0 0 0 
    -4.78649341e-03  2 2 2 b 2   a 2 0 0 b   0 a 0 0 0   0 0 0 
    -4.78649341e-03  2 2 2 a 2   b 2 0 0 a   0 b 0 0 0   0 0 0 
    -4.76465375e-03  2 2 b a 2   2 2 0 0 0   b 0 0 0 0   a 0 0 
    -4.76465375e-03  2 2 a b 2   2 2 0 0 0   a 0 0 0 0   b 0 0 
    -4.76465375e-03  2 2 b a 2   2 2 0 0 0   0 b 0 0 0   0 a 0 
    -4.76465375e-03  2 2 a b 2   2 2 0 0 0   0 a 0 0 0   0 b 0 
    -4.75230013e-03  2 2 2 0 0   2 2 2 2 0   0 0 0 0 0   0 0 0 
    -4.73705228e-03  2 2 2 a 2   b 2 0 0 b   a 0 0 0 0   0 0 0 
    -4.73705228e-03  2 2 2 b 2   a 2 0 0 a   b 0 0 0 0   0 0 0 
     4.73705228e-03  2 2 2 a 2   2 b 0 0 b   0 a 0 0 0   0 0 0 
     4.73705228e-03  2 2 2 b 2   2 a 0 0 a   0 b 0 0 0   0 0 0 
     4.73104933e-03  2 2 2 2 a   2 b 0 0 b   0 0 0 0 0   a 0 0 
     4.73104933e-03  2 2 2 2 b   2 a 0 0 a   0 0 0 0 0   b 0 0 
     4.73104933e-03  2 2 2 2 a   b 2 0 0 b   0 0 0 0 0   0 a 0 
     4.73104933e-03  2 2 2 2 b   a 2 0 0 a   0 0 0 0 0   0 b 0 
    -4.66059537e-03  2 2 2 2 0   2 2 0 0 0   0 0 b 0 a   0 0 0 
    -4.66059537e-03  2 2 2 2 0   2 2 0 0 0   0 0 a 0 b   0 0 0 
     4.65911641e-03  2 2 2 2 0   b a 2 0 2   0 0 0 0 0   0 0 0 
     4.65911641e-03  2 2 2 2 0   a b 2 0 2   0 0 0 0 0   0 0 0 
    -4.65911641e-03  2 2 2 2 0   b a 0 2 2   0 0 0 0 0   0 0 0 
    -4.65911641e-03  2 2 2 2 0   a b 0 2 2   0 0 0 0 0   0 0 0 
     4.65860982e-03  2 2 2 2 0   2 0 b a 2   0 0 0 0 0   0 0 0 
    -4.65860982e-03  2 2 2 2 0   0 2 b a 2   0 0 0 0 0   0 0 0 
     4.65860982e-03  2 2 2 2 0   2 0 a b 2   0 0 0 0 0   0 0 0 
    -4.65860982e-03  2 2 2 2 0   0 2 a b 2   0 0 0 0 0   0 0 0 
    -4.64554139e-03  2 2 2 a b   2 2 0 b 0   a 0 0 0 0   0 0 0 
    -4.64554139e-03  2 2 2 b a   2 2 0 a 0   b 0 0 0 0   0 0 0 
    -4.64554139e-03  2 2 2 a b   2 2 b 0 0   0 a 0 0 0   0 0 0 
    -4.64554139e-03  2 2 2 b a   2 2 a 0 0   0 b 0 0 0   0 0 0 
    -4.62826787e-03  2 2 2 2 b   a 2 0 0 0   0 0 0 b 0   a 0 0 
    -4.62826787e-03  2 2 2 2 a   b 2 0 0 0   0 0 0 a 0   b 0 0 
     4.62826787e-03  2 2 2 2 b   2 a 0 0 0   0 0 0 b 0   0 a 0 
     4.62826787e-03  2 2 2 2 a   2 b 0 0 0   0 0 0 a 0   0 b 0 
    -4.59967570e-03  2 2 2 b a   2 b 2 a 0   0 0 0 0 0   0 0 0 
    -4.59967570e-03  2 2 2 a b   2 a 2 b 0   0 0 0 0 0   0 0 0 
     4.59967570e-03  2 2 2 b a   b 2 a 2 0   0 0 0 0 0   0 0 0 
     4.59967570e-03  2 2 2 a b   a 2 b 2 0   0 0 0 0 0   0 0 0 
    -4.56474143e-03  2 2 b 2 2   2 2 0 0 0   0 0 a 0 0   0 0 0 
    -4.56474143e-03  2 2 a 2 2   2 2 0 0 0   0 0 b 0 0   0 0 0 
     4.51946016e-03  2 2 b 2 b   2 2 0 0 0   0 0 0 a 0   0 0 a 
     4.51946016e-03  2 2 a 2 a   2 2 0 0 0   0 0 0 b 0   0 0 b 
     4.51261312e-03  2 2 0 2 2   2 2 0 0 0   0 0 0 0 0   2 0 0 
     4.51261312e-03  2 2 0 2 2   2 2 0 0 0   0 0 0 0 0   0 2 0 
     4.32320955e-03  2 2 a 2 2   b 0 2 b a   0 0 0 0 0   0 0 0 
    -4.32320955e-03  2 2 a 2 2   0 b b 2 a   0 0 0 0 0   0 0 0 
     4.32320955e-03  2 2 b 2 2   a 0 2 a b   0 0 0 0 0   0 0 0 
    -4.32320955e-03  2 2 b 2 2   0 a a 2 b   0 0 0 0 0   0 0 0 
    -4.32007215e-03  2 2 2 a b   2 b 2 a 0   0 0 0 0 0   0 0 0 
    -4.32007215e-03  2 2 2 b a   2 a 2 b 0   0 0 0 0 0   0 0 0 
     4.32007215e-03  2 2 2 a b   b 2 a 2 0   0 0 0 0 0   0 0 0 
     4.32007215e-03  2 2 2 b a   a 2 b 2 0   0 0 0 0 0   0 0 0 
     4.31845282e-03  2 2 2 b 2   a 0 2 b 0   0 0 0 0 a   0 0 0 
    -4.31845282e-03  2 2 2 b 2   0 a b 2 0   0 0 0 0 a   0 0 0 
     4.31845282e-03  2 2 2 a 2   b 0 2 a 0   0 0 0 0 b   0 0 0 
    -4.31845282e-03  2 2 2 a 2   0 b a 2 0   0 0 0 0 b   0 0 0 
    -4.30651675e-03  2 2 b 2 2   b 2 0 0 0   a 0 0 0 a   0 0 0 
     4.30651675e-03  2 2 b 2 2   2 b 0 0 0   0 a 0 0 a   0 0 0 
    -4.30651675e-03  2 2 a 2 2   a 2 0 0 0   b 0 0 0 b   0 0 0 
     4.30651675e-03  2 2 a 2 2   2 a 0 0 0   0 b 0 0 b   0 0 0 
     4.24239244e-03  2 2 2 b 0   2 2 2 0 a   0 0 0 0 0   0 0 0 
     4.24239244e-03  2 2 2 b 0   2 2 0 2 a   0 0 0 0 0   0 0 0 
     4.24239244e-03  2 2 2 a 0   2 2 2 0 b   0 0 0 0 0   0 0 0 
     4.24239244e-03  2 2 2 a 0   2 2 0 2 b   0 0 0 0 0   0 0 0 
     4.23555196e-03  2 2 b b 2   2 2 0 0 0   0 0 0 a a   0 0 0 
     4.23555196e-03  2 2 a a 2   2 2 0 0 0   0 0 0 b b   0 0 0 
     4.21624716e-03  2 2 b 2 2   2 b a 0 a   0 0 0 0 0   0 0 0 
    -4.21624716e-03  2 2 b 2 2   b 2 0 a a   0 0 0 0 0   0 0 0 
     4.21624716e-03  2 2 a 2 2   2 a b 0 b   0 0 0 0 0   0 0 0 
    -4.21624716e-03  2 2 a 2 2   a 2 0 b b   0 0 0 0 0   0 0 0 
     4.17221058e-03  2 2 0 2 2   2 2 0 0 0   2 0 0 0 0   0 0 0 
     4.17221058e-03  2 2 0 2 2   2 2 0 0 0   0 2 0 0 0   0 0 0 
    -4.15452437e-03  2 2 2 b 2   a 2 0 0 0   0 0 b 0 0   a 0 0 
    -4.15452437e-03  2 2 2 a 2   b 2 0 0 0   0 0 a 0 0   b 0 0 
     4.15452437e-03  2 2 2 b 2   2 a 0 0 0   0 0 b 0 0   0 a 0 
     4.15452437e-03  2 2 2 a 2   2 b 0 0 0   0 0 a 0 0   0 b 0 
    -4.12640136e-03  2 2 2 b b   2 2 0 0 0   0 0 0 a a   0 0 0 
    -4.12640136e-03  2 2 2 a a   2 2 0 0 0   0 0 0 b b   0 0 0 
     4.08225857e-03  2 2 2 2 0   b b a a 2   0 0 0 0 0   0 0 0 
     4.08225857e-03  2 2 2 2 0   a a b b 2   0 0 0 0 0   0 0 0 
    -4.08017454e-03  2 2 2 2 0   0 0 2 2 b   0 0 0 a 0   0 0 0 
    -4.08017454e-03  2 2 2 2 0   0 0 2 2 a   0 0 0 b 0   0 0 0 
     4.05630496e-03  2 2 2 2 0   0 0 2 2 0   0 0 0 2 0   0 0 0 
     4.01239651e-03  2 2 a b 2   b 2 2 a 0   0 0 0 0 0   0 0 0 
     4.01239651e-03  2 2 b a 2   a 2 2 b 0   0 0 0 0 0   0 0 0 
     4.01239651e-03  2 2 a b 2   2 b a 2 0   0 0 0 0 0   0 0 0 
     4.01239651e-03  2 2 b a 2   2 a b 2 0   0 0 0 0 0   0 0 0 
    -3.99322556e-03  2 2 2 2 b   2 b 0 0 a   0 0 0 0 0   a 0 0 
    -3.99322556e-03  2 2 2 2 a   2 a 0 0 b   0 0 0 0 0   b 0 0 
    -3.99322556e-03  2 2 2 2 b   b 2 0 0 a   0 0 0 0 0   0 a 0 
    -3.99322556e-03  2 2 2 2 a   a 2 0 0 b   0 0 0 0 0   0 b 0 
    -3.97190266e-03  2 2 2 b 2   b 2 0 0 0   a 0 0 a 0   0 0 0 
     3.97190266e-03  2 2 2 b 2   2 b 0 0 0   0 a 0 a 0   0 0 0 
    -3.97190266e-03  2 2 2 a 2   a 2 0 0 0   b 0 0 b 0   0 0 0 
     3.97190266e-03  2 2 2 a 2   2 a 0 0 0   0 b 0 b 0   0 0 0 
     3.95054727e-03  2 2 b b 2   2 2 0 0 a   0 0 a 0 0   0 0 0 
     3.95054727e-03  2 2 a a 2   2 2 0 0 b   0 0 b 0 0   0 0 0 
     3.92550495e-03  2 2 2 a 2   2 b 0 0 0   b 0 0 0 0   0 0 a 
     3.92550495e-03  2 2 2 a 2   b 2 0 0 0   0 b 0 0 0   0 0 a 
     3.92550495e-03  2 2 2 b 2   2 a 0 0 0   a 0 0 0 0   0 0 b 
     3.92550495e-03  2 2 2 b 2   a 2 0 0 0   0 a 0 0 0   0 0 b 
     3.91943684e-03  2 2 2 b 2   b 0 2 a 0   0 0 0 0 a   0 0 0 
    -3.91943684e-03  2 2 2 b 2   0 b a 2 0   0 0 0 0 a   0 0 0 
     3.91943684e-03  2 2 2 a 2   a 0 2 b 0   0 0 0 0 b   0 0 0 
    -3.91943684e-03  2 2 2 a 2   0 a b 2 0   0 0 0 0 b   0 0 0 
    -3.90278183e-03  2 2 2 2 0   0 2 2 0 0   0 0 0 2 0   0 0 0 
    -3.90278183e-03  2 2 2 2 0   2 0 0 2 0   0 0 0 2 0   0 0 0 
    -3.88319164e-03  2 2 a b 2   2 2 0 0 b   0 0 a 0 0   0 0 0 
    -3.88319164e-03  2 2 b a 2   2 2 0 0 a   0 0 b 0 0   0 0 0 
    -3.87585720e-03  2 2 2 2 2   0 a b b 0   a 0 0 0 0   0 0 0 
    -3.87585720e-03  2 2 2 2 2   0 b a a 0   b 0 0 0 0   0 0 0 
     3.87585720e-03  2 2 2 2 2   a 0 b b 0   0 a 0 0 0   0 0 0 
     3.87585720e-03  2 2 2 2 2   b 0 a a 0   0 b 0 0 0   0 0 0 
    -3.87221328e-03  2 2 2 a b   2 2 0 0 0   0 0 b 0 0   0 0 a 
    -3.87221328e-03  2 2 2 b a   2 2 0 0 0   0 0 a 0 0   0 0 b 
     3.80586620e-03  2 2 2 b 2   b 2 0 0 0   0 0 a 0 0   a 0 0 
     3.80586620e-03  2 2 2 a 2   a 2 0 0 0   0 0 b 0 0   b 0 0 
    -3.80586620e-03  2 2 2 b 2   2 b 0 0 0   0 0 a 0 0   0 a 0 
    -3.80586620e-03  2 2 2 a 2   2 a 0 0 0   0 0 b 0 0   0 b 0 
     3.78733214e-03  2 2 2 2 0   b a 2 0 0   0 0 0 2 0   0 0 0 
     3.78733214e-03  2 2 2 2 0   a b 2 0 0   0 0 0 2 0   0 0 0 
    -3.78733214e-03  2 2 2 2 0   b a 0 2 0   0 0 0 2 0   0 0 0 
    -3.78733214e-03  2 2 2 2 0   a b 0 2 0   0 0 0 2 0   0 0 0 
     3.78711753e-03  2 2 2 2 0   2 0 b a 0   0 0 0 2 0   0 0 0 
    -3.78711753e-03  2 2 2 2 0   0 2 b a 0   0 0 0 2 0   0 0 0 
     3.78711753e-03  2 2 2 2 0   2 0 a b 0   0 0 0 2 0   0 0 0 
    -3.78711753e-03  2 2 2 2 0   0 2 a b 0   0 0 0 2 0   0 0 0 
    -3.74897853e-03  2 2 2 0 2   2 2 0 0 b   0 0 0 a 0   0 0 0 
    -3.74897853e-03  2 2 2 0 2   2 2 0 0 a   0 0 0 b 0   0 0 0 
     3.74482472e-03  2 2 2 2 0   2 0 2 0 b   0 0 0 a 0   0 0 0 
     3.74482472e-03  2 2 2 2 0   0 2 0 2 b   0 0 0 a 0   0 0 0 
     3.74482472e-03  2 2 2 2 0   2 0 2 0 a   0 0 0 b 0   0 0 0 
     3.74482472e-03  2 2 2 2 0   0 2 0 2 a   0 0 0 b 0   0 0 0 
    -3.73158809e-03  2 2 a 2 2   0 b 2 b a   0 0 0 0 0   0 0 0 
    -3.73158809e-03  2 2 a 2 2   b 0 b 2 a   0 0 0 0 0   0 0 0 
    -3.73158809e-03  2 2 b 2 2   0 a 2 a b   0 0 0 0 0   0 0 0 
    -3.73158809e-03  2 2 b 2 2   a 0 a 2 b   0 0 0 0 0   0 0 0 
    -3.72743809e-03  2 2 2 b 2   0 a 2 b 0   0 0 0 0 a   0 0 0 
    -3.72743809e-03  2 2 2 b 2   a 0 b 2 0   0 0 0 0 a   0 0 0 
    -3.72743809e-03  2 2 2 a 2   0 b 2 a 0   0 0 0 0 b   0 0 0 
    -3.72743809e-03  2 2 2 a 2   b 0 a 2 0   0 0 0 0 b   0 0 0 
    -3.71779230e-03  2 2 b 2 2   b 2 0 0 0   0 0 0 0 0   a 0 a 
     3.71779230e-03  2 2 b 2 2   2 b 0 0 0   0 0 0 0 0   0 a a 
    -3.71779230e-03  2 2 a 2 2   a 2 0 0 0   0 0 0 0 0   b 0 b 
     3.71779230e-03  2 2 a 2 2   2 a 0 0 0   0 0 0 0 0   0 b b 
    -3.71750078e-03  2 2 b 2 2   2 b 0 0 a   0 0 0 0 0   a 0 0 
    -3.71750078e-03  2 2 a 2 2   2 a 0 0 b   0 0 0 0 0   b 0 0 
    -3.71750078e-03  2 2 b 2 2   b 2 0 0 a   0 0 0 0 0   0 a 0 
    -3.71750078e-03  2 2 a 2 2   a 2 0 0 b   0 0 0 0 0   0 b 0 
    -3.63907493e-03  2 2 b 2 2   b 2 a 0 a   0 0 0 0 0   0 0 0 
    -3.63907493e-03  2 2 b 2 2   2 b 0 a a   0 0 0 0 0   0 0 0 
    -3.63907493e-03  2 2 a 2 2   a 2 b 0 b   0 0 0 0 0   0 0 0 
    -3.63907493e-03  2 2 a 2 2   2 a 0 b b   0 0 0 0 0   0 0 0 
    -3.60912837e-03  2 2 a b 2   2 2 0 0 0   0 0 b a 0   0 0 0 
    -3.60912837e-03  2 2 b a 2   2 2 0 0 0   0 0 a b 0   0 0 0 
     3.60703120e-03  2 2 2 b 2   b 2 0 0 0   a 0 0 0 0   0 0 a 
    -3.60703120e-03  2 2 2 b 2   2 b 0 0 0   0 a 0 0 0   0 0 a 
     3.60703120e-03  2 2 2 a 2   a 2 0 0 0   b 0 0 0 0   0 0 b 
    -3.60703120e-03  2 2 2 a 2   2 a 0 0 0   0 b 0 0 0   0 0 b 
    -3.57226144e-03  2 2 a 2 2   b 2 0 0 0   0 0 0 b 0   a 0 0 
    -3.57226144e-03  2 2 b 2 2   a 2 0 0 0   0 0 0 a 0   b 0 0 
     3.57226144e-03  2 2 a 2 2   2 b 0 0 0   0 0 0 b 0   0 a 0 
     3.57226144e-03  2 2 b 2 2   2 a 0 0 0   0 0 0 a 0   0 b 0 
    -3.53908628e-03  2 2 0 2 2   2 0 2 0 2   0 0 0 0 0   0 0 0 
    -3.53908628e-03  2 2 0 2 2   0 2 0 2 2   0 0 0 0 0   0 0 0 
     3.52876382e-03  2 2 2 b 2   2 a 0 0 0   0 0 0 0 b   a 0 0 
     3.52876382e-03  2 2 2 a 2   2 b 0 0 0   0 0 0 0 a   b 0 0 
     3.52876382e-03  2 2 2 b 2   a 2 0 0 0   0 0 0 0 b   0 a 0 
     3.52876382e-03  2 2 2 a 2   b 2 0 0 0   0 0 0 0 a   0 b 0 
    -3.52702893e-03  2 2 b 2 2   2 b a 0 0   0 0 0 0 0   0 0 a 
     3.52702893e-03  2 2 b 2 2   b 2 0 a 0   0 0 0 0 0   0 0 a 
    -3.52702893e-03  2 2 a 2 2   2 a b 0 0   0 0 0 0 0   0 0 b 
     3.52702893e-03  2 2 a 2 2   a 2 0 b 0   0 0 0 0 0   0 0 b 
     3.52673531e-03  2 2 a 2 b   2 2 0 0 0   0 0 b 0 a   0 0 0 
     3.52673531e-03  2 2 b 2 a   2 2 0 0 0   0 0 a 0 b   0 0 0 
     3.51767594e-03  2 2 2 2 b   2 2 0 0 0   0 0 a 0 0   0 0 0 
     3.51767594e-03  2 2 2 2 a   2 2 0 0 0   0 0 b 0 0   0 0 0 
    -3.51036806e-03  2 2 2 b 2   b 2 0 0 0   0 0 0 0 a   a 0 0 
    -3.51036806e-03  2 2 2 a 2   a 2 0 0 0   0 0 0 0 b   b 0 0 
     3.51036806e-03  2 2 2 b 2   2 b 0 0 0   0 0 0 0 a   0 a 0 
     3.51036806e-03  2 2 2 a 2   2 a 0 0 0   0 0 0 0 b   0 b 0 
     3.47839942e-03  2 2 2 2 2   0 b a 0 0   0 b 0 0 0   a 0 0 
     3.47839942e-03  2 2 2 2 2   0 a b 0 0   0 a 0 0 0   b 0 0 
    -3.47839942e-03  2 2 2 2 2   b 0 0 a 0   b 0 0 0 0   0 a 0 
    -3.47839942e-03  2 2 2 2 2   a 0 0 b 0   a 0 0 0 0   0 b 0 
     3.47085947e-03  2 2 2 2 2   2 0 0 0 0   0 0 0 0 0   0 0 2 
     3.47085947e-03  2 2 2 2 2   0 2 0 0 0   0 0 0 0 0   0 0 2 
     3.46326979e-03  2 2 a b 2   2 b 2 a 0   0 0 0 0 0   0 0 0 
     3.46326979e-03  2 2 b a 2   2 a 2 b 0   0 0 0 0 0   0 0 0 
    -3.46326979e-03  2 2 a b 2   b 2 a 2 0   0 0 0 0 0   0 0 0 
    -3.46326979e-03  2 2 b a 2   a 2 b 2 0   0 0 0 0 0   0 0 0 
     3.43210430e-03  2 2 2 2 2   b 0 a 0 0   b 0 0 0 0   a 0 0 
     3.43210430e-03  2 2 2 2 2   a 0 b 0 0   a 0 0 0 0   b 0 0 
    -3.43210430e-03  2 2 2 2 2   0 b 0 a 0   0 b 0 0 0   0 a 0 
    -3.43210430e-03  2 2 2 2 2   0 a 0 b 0   0 a 0 0 0   0 b 0 
    -3.41936607e-03  2 2 b a b   2 2 2 0 a   0 0 0 0 0   0 0 0 
    -3.41936607e-03  2 2 b a b   2 2 0 2 a   0 0 0 0 0   0 0 0 
    -3.41936607e-03  2 2 a b a   2 2 2 0 b   0 0 0 0 0   0 0 0 
    -3.41936607e-03  2 2 a b a   2 2 0 2 b   0 0 0 0 0   0 0 0 
    -3.38313749e-03  2 2 2 b 2   0 b 2 a 0   0 0 0 0 a   0 0 0 
    -3.38313749e-03  2 2 2 b 2   b 0 a 2 0   0 0 0 0 a   0 0 0 
    -3.38313749e-03  2 2 2 a 2   0 a 2 b 0   0 0 0 0 b   0 0 0 
    -3.38313749e-03  2 2 2 a 2   a 0 b 2 0   0 0 0 0 b   0 0 0 
     3.35114447e-03  2 2 2 2 0   2 2 0 0 0   0 0 0 0 0   0 0 2 
    -3.34724531e-03  2 2 a 2 2   b 2 0 0 0   0 0 0 0 0   b 0 a 
     3.34724531e-03  2 2 a 2 2   2 b 0 0 0   0 0 0 0 0   0 b a 
    -3.34724531e-03  2 2 b 2 2   a 2 0 0 0   0 0 0 0 0   a 0 b 
     3.34724531e-03  2 2 b 2 2   2 a 0 0 0   0 0 0 0 0   0 a b 
    -3.33817932e-03  2 2 2 2 b   2 a 0 0 0   0 0 0 b 0   a 0 0 
    -3.33817932e-03  2 2 2 2 a   2 b 0 0 0   0 0 0 a 0   b 0 0 
    -3.33817932e-03  2 2 2 2 b   a 2 0 0 0   0 0 0 b 0   0 a 0 
    -3.33817932e-03  2 2 2 2 a   b 2 0 0 0   0 0 0 a 0   0 b 0 
     3.33548120e-03  2 2 2 2 b   2 a 0 0 0   b 0 0 0 a   0 0 0 
     3.33548120e-03  2 2 2 2 b   a 2 0 0 0   0 b 0 0 a   0 0 0 
     3.33548120e-03  2 2 2 2 a   2 b 0 0 0   a 0 0 0 b   0 0 0 
     3.33548120e-03  2 2 2 2 a   b 2 0 0 0   0 a 0 0 b   0 0 0 
     3.31217709e-03  2 2 b 2 a   0 0 2 2 2   0 0 0 0 0   0 0 0 
     3.31217709e-03  2 2 a 2 b   0 0 2 2 2   0 0 0 0 0   0 0 0 
     3.30985464e-03  2 2 b a 2   2 2 0 0 0   0 0 b 0 0   0 0 a 
     3.30985464e-03  2 2 a b 2   2 2 0 0 0   0 0 a 0 0   0 0 b 
    -3.30392398e-03  2 2 a 2 2   2 b b 0 0   0 0 0 a 0   0 0 0 
     3.30392398e-03  2 2 a 2 2   b 2 0 b 0   0 0 0 a 0   0 0 0 
    -3.30392398e-03  2 2 b 2 2   2 a a 0 0   0 0 0 b 0   0 0 0 
     3.30392398e-03  2 2 b 2 2   a 2 0 a 0   0 0 0 b 0   0 0 0 
    -3.27223152e-03  2 2 2 2 a   2 b 0 0 0   b 0 a 0 0   0 0 0 
    -3.27223152e-03  2 2 2 2 a   b 2 0 0 0   0 b a 0 0   0 0 0 
    -3.27223152e-03  2 2 2 2 b   2 a 0 0 0   a 0 b 0 0   0 0 0 
    -3.27223152e-03  2 2 2 2 b   a 2 0 0 0   0 a b 0 0   0 0 0 
    -3.26819700e-03  2 2 a 2 2   2 b b 0 0   0 0 0 0 0   0 0 a 
     3.26819700e-03  2 2 a 2 2   b 2 0 b 0   0 0 0 0 0   0 0 a 
    -3.26819700e-03  2 2 b 2 2   2 a a 0 0   0 0 0 0 0   0 0 b 
     3.26819700e-03  2 2 b 2 2   a 2 0 a 0   0 0 0 0 0   0 0 b 
    -3.26418728e-03  2 2 2 2 2   2 0 0 0 b   0 0 0 a 0   0 0 0 
    -3.26418728e-03  2 2 2 2 2   0 2 0 0 b   0 0 0 a 0   0 0 0 
    -3.26418728e-03  2 2 2 2 2   2 0 0 0 a   0 0 0 b 0   0 0 0 
    -3.26418728e-03  2 2 2 2 2   0 2 0 0 a   0 0 0 b 0   0 0 0 
    -3.20453849e-03  2 2 2 2 0   2 2 0 0 0   0 0 0 b 0   0 0 a 
    -3.20453849e-03  2 2 2 2 0   2 2 0 0 0   0 0 0 a 0   0 0 b 
     3.20282275e-03  2 2 2 2 a   b 0 2 0 0   0 0 0 b 0   a 0 0 
     3.20282275e-03  2 2 2 2 b   a 0 2 0 0   0 0 0 a 0   b 0 0 
     3.20282275e-03  2 2 2 2 a   0 b 0 2 0   0 0 0 b 0   0 a 0 
     3.20282275e-03  2 2 2 2 b   0 a 0 2 0   0 0 0 a 0   0 b 0 
     3.20144099e-03  2 2 2 b a   2 2 0 0 0   b 0 0 0 0   a 0 0 
     3.20144099e-03  2 2 2 a b   2 2 0 0 0   a 0 0 0 0   b 0 0 
     3.20144099e-03  2 2 2 b a   2 2 0 0 0   0 b 0 0 0   0 a 0 
     3.20144099e-03  2 2 2 a b   2 2 0 0 0   0 a 0 0 0   0 b 0 
     3.19587645e-03  2 2 a 2 b   b b a a 2   0 0 0 0 0   0 0 0 
     3.19587645e-03  2 2 b 2 a   a a b b 2   0 0 0 0 0   0 0 0 
    -3.18388644e-03  2 2 2 2 b   2 0 a 0 0   b 0 0 a 0   0 0 0 
     3.18388644e-03  2 2 2 2 b   0 2 0 a 0   0 b 0 a 0   0 0 0 
    -3.18388644e-03  2 2 2 2 a   2 0 b 0 0   a 0 0 b 0   0 0 0 
     3.18388644e-03  2 2 2 2 a   0 2 0 b 0   0 a 0 b 0   0 0 0 
     3.17634471e-03  2 2 2 a b   2 2 0 0 0   b 0 0 0 0   a 0 0 
     3.17634471e-03  2 2 2 b a   2 2 0 0 0   a 0 0 0 0   b 0 0 
     3.17634471e-03  2 2 2 a b   2 2 0 0 0   0 b 0 0 0   0 a 0 
     3.17634471e-03  2 2 2 b a   2 2 0 0 0   0 a 0 0 0   0 b 0 
    -3.12748427e-03  2 2 2 2 0   a a b b b   0 0 0 a 0   0 0 0 
    -3.12748427e-03  2 2 2 2 0   b b a a a   0 0 0 b 0   0 0 0 
    -3.12290509e-03  2 2 2 2 2   b 0 a b 0   a 0 0 0 0   0 0 0 
    -3.12290509e-03  2 2 2 2 2   a 0 b a 0   b 0 0 0 0   0 0 0 
     3.12290509e-03  2 2 2 2 2   0 b b a 0   0 a 0 0 0   0 0 0 
     3.12290509e-03  2 2 2 2 2   0 a a b 0   0 b 0 0 0   0 0 0 
    -3.10545300e-03  2 2 2 2 0   2 0 2 2 0   0 0 0 0 0   0 0 0 
    -3.10545300e-03  2 2 2 2 0   0 2 2 2 0   0 0 0 0 0   0 0 0 
     3.09079453e-03  2 2 2 2 b   2 0 0 a 0   b 0 0 a 0   0 0 0 
     3.09079453e-03  2 2 2 2 b   0 2 a 0 0   0 b 0 a 0   0 0 0 
     3.09079453e-03  2 2 2 2 a   2 0 0 b 0   a 0 0 b 0   0 0 0 
     3.09079453e-03  2 2 2 2 a   0 2 b 0 0   0 a 0 b 0   0 0 0 
    -3.08913357e-03  2 2 b 2 2   2 b a 0 0   0 0 0 a 0   0 0 0 
     3.08913357e-03  2 2 b 2 2   b 2 0 a 0   0 0 0 a 0   0 0 0 
    -3.08913357e-03  2 2 a 2 2   2 a b 0 0   0 0 0 b 0   0 0 0 
     3.08913357e-03  2 2 a 2 2   a 2 0 b 0   0 0 0 b 0   0 0 0 
    -3.06429954e-03  2 2 a 2 2   b 2 0 0 0   b 0 0 0 a   0 0 0 
     3.06429954e-03  2 2 a 2 2   2 b 0 0 0   0 b 0 0 a   0 0 0 
    -3.06429954e-03  2 2 b 2 2   a 2 0 0 0   a 0 0 0 b   0 0 0 
     3.06429954e-03  2 2 b 2 2   2 a 0 0 0   0 a 0 0 b   0 0 0 
     3.05505179e-03  2 2 b a 2   b 2 2 a 0   0 0 0 0 0   0 0 0 
     3.05505179e-03  2 2 a b 2   a 2 2 b 0   0 0 0 0 0   0 0 0 
     3.05505179e-03  2 2 b a 2   2 b a 2 0   0 0 0 0 0   0 0 0 
     3.05505179e-03  2 2 a b 2   2 a b 2 0   0 0 0 0 0   0 0 0 
     3.04426814e-03  2 2 b 2 2   b 2 a 0 0   0 0 0 0 0   0 0 a 
     3.04426814e-03  2 2 b 2 2   2 b 0 a 0   0 0 0 0 0   0 0 a 
     3.04426814e-03  2 2 a 2 2   a 2 b 0 0   0 0 0 0 0   0 0 b 
     3.04426814e-03  2 2 a 2 2   2 a 0 b 0   0 0 0 0 0   0 0 b 
    -3.03819943e-03  2 2 2 b 2   a 2 0 0 b   a 0 0 0 0   0 0 0 
    -3.03819943e-03  2 2 2 a 2   b 2 0 0 a   b 0 0 0 0   0 0 0 
     3.03819943e-03  2 2 2 b 2   2 a 0 0 b   0 a 0 0 0   0 0 0 
     3.03819943e-03  2 2 2 a 2   2 b 0 0 a   0 b 0 0 0   0 0 0 
    -3.03073024e-03  2 2 2 2 2   a b 0 0 0   b a 0 0 0   0 0 0 
    -3.03073024e-03  2 2 2 2 2   b a 0 0 0   a b 0 0 0   0 0 0 
    -3.02722785e-03  2 2 2 b 2   a 0 2 b 0   0 0 a 0 0   0 0 0 
     3.02722785e-03  2 2 2 b 2   0 a b 2 0   0 0 a 0 0   0 0 0 
    -3.02722785e-03  2 2 2 a 2   b 0 2 a 0   0 0 b 0 0   0 0 0 
     3.02722785e-03  2 2 2 a 2   0 b a 2 0   0 0 b 0 0   0 0 0 
    -2.99680272e-03  2 2 2 b 2   2 a 0 0 0   0 0 b 0 0   a 0 0 
    -2.99680272e-03  2 2 2 a 2   2 b 0 0 0   0 0 a 0 0   b 0 0 
    -2.99680272e-03  2 2 2 b 2   a 2 0 0 0   0 0 b 0 0   0 a 0 
    -2.99680272e-03  2 2 2 a 2   b 2 0 0 0   0 0 a 0 0   0 b 0 
     2.97926015e-03  2 2 2 2 2   b 0 b a 0   a 0 0 0 0   0 0 0 
     2.97926015e-03  2 2 2 2 2   a 0 a b 0   b 0 0 0 0   0 0 0 
    -2.97926015e-03  2 2 2 2 2   0 b a b 0   0 a 0 0 0   0 0 0 
    -2.97926015e-03  2 2 2 2 2   0 a b a 0   0 b 0 0 0   0 0 0 
     2.96783430e-03  2 2 b 2 2   b 0 2 a a   0 0 0 0 0   0 0 0 
    -2.96783430e-03  2 2 b 2 2   0 b a 2 a   0 0 0 0 0   0 0 0 
     2.96783430e-03  2 2 a 2 2   a 0 2 b b   0 0 0 0 0   0 0 0 
    -2.96783430e-03  2 2 a 2 2   0 a b 2 b   0 0 0 0 0   0 0 0 
     2.95414146e-03  2 2 b b 2   2 2 0 0 0   0 0 a 0 0   0 0 a 
     2.95414146e-03  2 2 a a 2   2 2 0 0 0   0 0 b 0 0   0 0 b 
     2.91170450e-03  2 2 2 2 2   0 a b 0 0   b 0 0 0 0   a 0 0 
     2.91170450e-03  2 2 2 2 2   0 b a 0 0   a 0 0 0 0   b 0 0 
     2.91170450e-03  2 2 2 2 2   a 0 0 b 0   0 b 0 0 0   0 a 0 
     2.91170450e-03  2 2 2 2 2   b 0 0 a 0   0 a 0 0 0   0 b 0 
     2.89628810e-03  2 2 2 2 0   0 2 2 0 b   0 0 0 a 0   0 0 0 
     2.89628810e-03  2 2 2 2 0   2 0 0 2 b   0 0 0 a 0   0 0 0 
     2.89628810e-03  2 2 2 2 0   0 2 2 0 a   0 0 0 b 0   0 0 0 
     2.89628810e-03  2 2 2 2 0   2 0 0 2 a   0 0 0 b 0   0 0 0 
     2.89127297e-03  2 2 2 2 a   2 b 0 0 0   b 0 0 0 a   0 0 0 
     2.89127297e-03  2 2 2 2 a   b 2 0 0 0   0 b 0 0 a   0 0 0 
     2.89127297e-03  2 2 2 2 b   2 a 0 0 0   a 0 0 0 b   0 0 0 
     2.89127297e-03  2 2 2 2 b   a 2 0 0 0   0 a 0 0 b   0 0 0 
    -2.89106375e-03  2 2 2 2 2   0 0 2 0 0   0 0 0 0 0   2 0 0 
    -2.89106375e-03  2 2 2 2 2   0 0 0 2 0   0 0 0 0 0   0 2 0 
    -2.87263270e-03  2 2 2 2 0   a b 2 0 b   0 0 0 a 0   0 0 0 
     2.87263270e-03  2 2 2 2 0   b a 0 2 b   0 0 0 a 0   0 0 0 
    -2.87263270e-03  2 2 2 2 0   b a 2 0 a   0 0 0 b 0   0 0 0 
     2.87263270e-03  2 2 2 2 0   a b 0 2 a   0 0 0 b 0   0 0 0 
    -2.87258179e-03  2 2 2 2 0   b a 2 0 b   0 0 0 a 0   0 0 0 
     2.87258179e-03  2 2 2 2 0   a b 0 2 b   0 0 0 a 0   0 0 0 
    -2.87258179e-03  2 2 2 2 0   a b 2 0 a   0 0 0 b 0   0 0 0 
     2.87258179e-03  2 2 2 2 0   b a 0 2 a   0 0 0 b 0   0 0 0 
    -2.87253195e-03  2 2 2 2 0   2 0 b a b   0 0 0 a 0   0 0 0 
     2.87253195e-03  2 2 2 2 0   0 2 a b b   0 0 0 a 0   0 0 0 
     2.87253195e-03  2 2 2 2 0   0 2 b a a   0 0 0 b 0   0 0 0 
    -2.87253195e-03  2 2 2 2 0   2 0 a b a   0 0 0 b 0   0 0 0 
     2.87253015e-03  2 2 2 2 0   0 2 b a b   0 0 0 a 0   0 0 0 
    -2.87253015e-03  2 2 2 2 0   2 0 a b b   0 0 0 a 0   0 0 0 
    -2.87253015e-03  2 2 2 2 0   2 0 b a a   0 0 0 b 0   0 0 0 
     2.87253015e-03  2 2 2 2 0   0 2 a b a   0 0 0 b 0   0 0 0 
    -2.85903831e-03  2 2 2 b 0   2 2 2 0 0   0 0 0 a 0   0 0 0 
    -2.85903831e-03  2 2 2 b 0   2 2 0 2 0   0 0 0 a 0   0 0 0 
    -2.85903831e-03  2 2 2 a 0   2 2 2 0 0   0 0 0 b 0   0 0 0 
    -2.85903831e-03  2 2 2 a 0   2 2 0 2 0   0 0 0 b 0   0 0 0 
    -2.85701331e-03  2 2 a 2 2   b 0 2 0 b   0 0 0 0 0   a 0 0 
    -2.85701331e-03  2 2 b 2 2   a 0 2 0 a   0 0 0 0 0   b 0 0 
    -2.85701331e-03  2 2 a 2 2   0 b 0 2 b   0 0 0 0 0   0 a 0 
    -2.85701331e-03  2 2 b 2 2   0 a 0 2 a   0 0 0 0 0   0 b 0 
     2.85185526e-03  2 2 a 2 2   b 2 b 0 0   0 0 0 a 0   0 0 0 
     2.85185526e-03  2 2 a 2 2   2 b 0 b 0   0 0 0 a 0   0 0 0 
     2.85185526e-03  2 2 b 2 2   a 2 a 0 0   0 0 0 b 0   0 0 0 
     2.85185526e-03  2 2 b 2 2   2 a 0 a 0   0 0 0 b 0   0 0 0 
     2.84572458e-03  2 2 2 2 a   0 2 0 b 0   0 0 b 0 0   a 0 0 
     2.84572458e-03  2 2 2 2 b   0 2 0 a 0   0 0 a 0 0   b 0 0 
     2.84572458e-03  2 2 2 2 a   2 0 b 0 0   0 0 b 0 0   0 a 0 
     2.84572458e-03  2 2 2 2 b   2 0 a 0 0   0 0 a 0 0   0 b 0 
     2.82094147e-03  2 2 a 2 2   b 2 b 0 0   0 0 0 0 0   0 0 a 
     2.82094147e-03  2 2 a 2 2   2 b 0 b 0   0 0 0 0 0   0 0 a 
     2.82094147e-03  2 2 b 2 2   a 2 a 0 0   0 0 0 0 0   0 0 b 
     2.82094147e-03  2 2 b 2 2   2 a 0 a 0   0 0 0 0 0   0 0 b 
    -2.81739819e-03  2 2 2 2 2   b 0 b 0 0   0 a 0 0 0   a 0 0 
    -2.81739819e-03  2 2 2 2 2   a 0 a 0 0   0 b 0 0 0   b 0 0 
    -2.81739819e-03  2 2 2 2 2   0 b 0 b 0   a 0 0 0 0   0 a 0 
    -2.81739819e-03  2 2 2 2 2   0 a 0 a 0   b 0 0 0 0   0 b 0 
    -2.81390173e-03  2 2 2 2 2   0 a 0 b 0   0 b 0 0 0   a 0 0 
    -2.81390173e-03  2 2 2 2 2   0 b 0 a 0   0 a 0 0 0   b 0 0 
    -2.81390173e-03  2 2 2 2 2   a 0 b 0 0   b 0 0 0 0   0 a 0 
    -2.81390173e-03  2 2 2 2 2   b 0 a 0 0   a 0 0 0 0   0 b 0 
     2.79736378e-03  2 2 2 2 0   b b a a 0   0 0 0 2 0   0 0 0 
     2.79736378e-03  2 2 2 2 0   a a b b 0   0 0 0 2 0   0 0 0 
    -2.76793002e-03  2 2 0 2 2   0 2 2 0 2   0 0 0 0 0   0 0 0 
    -2.76793002e-03  2 2 0 2 2   2 0 0 2 2   0 0 0 0 0   0 0 0 
     2.74477476e-03  2 2 2 b 2   2 b 0 0 0   0 0 a 0 0   a 0 0 
     2.74477476e-03  2 2 2 a 2   2 a 0 0 0   0 0 b 0 0   b 0 0 
     2.74477476e-03  2 2 2 b 2   b 2 0 0 0   0 0 a 0 0   0 a 0 
     2.74477476e-03  2 2 2 a 2   a 2 0 0 0   0 0 b 0 0   0 b 0 
    -2.74231159e-03  2 2 2 2 a   0 b 2 0 0   0 0 0 b 0   a 0 0 
    -2.74231159e-03  2 2 2 2 b   0 a 2 0 0   0 0 0 a 0   b 0 0 
     2.74231159e-03  2 2 2 2 a   b 0 0 2 0   0 0 0 b 0   0 a 0 
     2.74231159e-03  2 2 2 2 b   a 0 0 2 0   0 0 0 a 0   0 b 0 
     2.72966309e-03  2 2 2 2 0   b a b a 2   0 0 0 0 0   0 0 0 
     2.72966309e-03  2 2 2 2 0   a b a b 2   0 0 0 0 0   0 0 0 
    -2.72789514e-03  2 2 b 2 a   2 0 2 0 2   0 0 0 0 0   0 0 0 
    -2.72789514e-03  2 2 a 2 b   2 0 2 0 2   0 0 0 0 0   0 0 0 
    -2.72789514e-03  2 2 b 2 a   0 2 0 2 2   0 0 0 0 0   0 0 0 
    -2.72789514e-03  2 2 a 2 b   0 2 0 2 2   0 0 0 0 0   0 0 0 
     2.72329780e-03  2 2 b 2 2   b 2 0 0 0   0 0 0 a 0   a 0 0 
     2.72329780e-03  2 2 a 2 2   a 2 0 0 0   0 0 0 b 0   b 0 0 
    -2.72329780e-03  2 2 b 2 2   2 b 0 0 0   0 0 0 a 0   0 a 0 
    -2.72329780e-03  2 2 a 2 2   2 a 0 0 0   0 0 0 b 0   0 b 0 
    -2.72181053e-03  2 2 2 0 0   2 2 2 0 2   0 0 0 0 0   0 0 0 
    -2.72181053e-03  2 2 2 0 0   2 2 0 2 2   0 0 0 0 0   0 0 0 
    -2.71349253e-03  2 2 2 2 b   0 0 2 a 0   b 0 0 a 0   0 0 0 
     2.71349253e-03  2 2 2 2 b   0 0 a 2 0   0 b 0 a 0   0 0 0 
    -2.71349253e-03  2 2 2 2 a   0 0 2 b 0   a 0 0 b 0   0 0 0 
     2.71349253e-03  2 2 2 2 a   0 0 b 2 0   0 a 0 b 0   0 0 0 
     2.70841697e-03  2 2 a 2 b   2 0 2 0 b   0 0 0 a 0   0 0 0 
     2.70841697e-03  2 2 a 2 b   0 2 0 2 b   0 0 0 a 0   0 0 0 
     2.70841697e-03  2 2 b 2 a   2 0 2 0 a   0 0 0 b 0   0 0 0 
     2.70841697e-03  2 2 b 2 a   0 2 0 2 a   0 0 0 b 0   0 0 0 
     2.70400070e-03  2 2 0 2 2   0 0 2 2 2   0 0 0 0 0   0 0 0 
    -2.68696902e-03  2 2 2 2 0   2 0 2 0 0   0 0 2 0 0   0 0 0 
    -2.68696902e-03  2 2 2 2 0   0 2 0 2 0   0 0 2 0 0   0 0 0 
    -2.68140456e-03  2 2 b 2 2   2 b 0 0 0   0 0 0 0 0   a 0 a 
    -2.68140456e-03  2 2 b 2 2   b 2 0 0 0   0 0 0 0 0   0 a a 
    -2.68140456e-03  2 2 a 2 2   2 a 0 0 0   0 0 0 0 0   b 0 b 
    -2.68140456e-03  2 2 a 2 2   a 2 0 0 0   0 0 0 0 0   0 b b 
     2.67210643e-03  2 2 2 b 2   2 b 0 0 a   a 0 0 0 0   0 0 0 
     2.67210643e-03  2 2 2 a 2   2 a 0 0 b   b 0 0 0 0   0 0 0 
     2.67210643e-03  2 2 2 b 2   b 2 0 0 a   0 a 0 0 0   0 0 0 
     2.67210643e-03  2 2 2 a 2   a 2 0 0 b   0 b 0 0 0   0 0 0 
     2.66646155e-03  2 2 b 2 2   b 2 a 0 0   0 0 0 a 0   0 0 0 
     2.66646155e-03  2 2 b 2 2   2 b 0 a 0   0 0 0 a 0   0 0 0 
     2.66646155e-03  2 2 a 2 2   a 2 b 0 0   0 0 0 b 0   0 0 0 
     2.66646155e-03  2 2 a 2 2   2 a 0 b 0   0 0 0 b 0   0 0 0 
    -2.66493598e-03  2 2 2 0 2   2 0 2 0 2   0 0 0 0 0   0 0 0 
    -2.66493598e-03  2 2 2 0 2   0 2 0 2 2   0 0 0 0 0   0 0 0 
    -2.64664981e-03  2 2 a 2 b   0 0 2 2 b   0 0 0 a 0   0 0 0 
    -2.64664981e-03  2 2 b 2 a   0 0 2 2 a   0 0 0 b 0   0 0 0 
     2.63678971e-03  2 2 b a 2   2 b 2 a 0   0 0 0 0 0   0 0 0 
     2.63678971e-03  2 2 a b 2   2 a 2 b 0   0 0 0 0 0   0 0 0 
    -2.63678971e-03  2 2 b a 2   b 2 a 2 0   0 0 0 0 0   0 0 0 
    -2.63678971e-03  2 2 a b 2   a 2 b 2 0   0 0 0 0 0   0 0 0 
     2.63114226e-03  2 2 2 2 2   0 b 0 b 0   0 a 0 0 0   a 0 0 
     2.63114226e-03  2 2 2 2 2   0 a 0 a 0   0 b 0 0 0   b 0 0 
     2.63114226e-03  2 2 2 2 2   b 0 b 0 0   a 0 0 0 0   0 a 0 
     2.63114226e-03  2 2 2 2 2   a 0 a 0 0   b 0 0 0 0   0 b 0 
     2.62651116e-03  2 2 2 2 0   2 2 0 0 0   2 0 0 0 0   0 0 0 
     2.62651116e-03  2 2 2 2 0   2 2 0 0 0   0 2 0 0 0   0 0 0 
     2.61292694e-03  2 2 2 b 2   0 a 2 b 0   0 0 a 0 0   0 0 0 
     2.61292694e-03  2 2 2 b 2   a 0 b 2 0   0 0 a 0 0   0 0 0 
     2.61292694e-03  2 2 2 a 2   0 b 2 a 0   0 0 b 0 0   0 0 0 
     2.61292694e-03  2 2 2 a 2   b 0 a 2 0   0 0 b 0 0   0 0 0 
     2.61112395e-03  2 2 0 2 2   b a 2 0 2   0 0 0 0 0   0 0 0 
     2.61112395e-03  2 2 0 2 2   a b 2 0 2   0 0 0 0 0   0 0 0 
    -2.61112395e-03  2 2 0 2 2   b a 0 2 2   0 0 0 0 0   0 0 0 
    -2.61112395e-03  2 2 0 2 2   a b 0 2 2   0 0 0 0 0   0 0 0 
     2.61099899e-03  2 2 0 2 2   2 0 b a 2   0 0 0 0 0   0 0 0 
    -2.61099899e-03  2 2 0 2 2   0 2 b a 2   0 0 0 0 0   0 0 0 
     2.61099899e-03  2 2 0 2 2   2 0 a b 2   0 0 0 0 0   0 0 0 
    -2.61099899e-03  2 2 0 2 2   0 2 a b 2   0 0 0 0 0   0 0 0 
    -2.57817122e-03  2 2 a b 2   2 2 b 0 0   a 0 0 0 0   0 0 0 
    -2.57817122e-03  2 2 b a 2   2 2 a 0 0   b 0 0 0 0   0 0 0 
     2.57817122e-03  2 2 a b 2   2 2 0 b 0   0 a 0 0 0   0 0 0 
     2.57817122e-03  2 2 b a 2   2 2 0 a 0   0 b 0 0 0   0 0 0 
    -2.57649399e-03  2 2 a 2 2   2 b 0 0 0   0 0 0 b 0   a 0 0 
    -2.57649399e-03  2 2 b 2 2   2 a 0 0 0   0 0 0 a 0   b 0 0 
    -2.57649399e-03  2 2 a 2 2   b 2 0 0 0   0 0 0 b 0   0 a 0 
    -2.57649399e-03  2 2 b 2 2   a 2 0 0 0   0 0 0 a 0   0 b 0 
    -2.56196707e-03  2 2 b 2 2   0 b 2 a a   0 0 0 0 0   0 0 0 
    -2.56196707e-03  2 2 b 2 2   b 0 a 2 a   0 0 0 0 0   0 0 0 
    -2.56196707e-03  2 2 a 2 2   0 a 2 b b   0 0 0 0 0   0 0 0 
    -2.56196707e-03  2 2 a 2 2   a 0 b 2 b   0 0 0 0 0   0 0 0 
     2.55591577e-03  2 2 b a 2   2 2 0 0 0   0 0 0 b a   0 0 0 
     2.55591577e-03  2 2 a b 2   2 2 0 0 0   0 0 0 a b   0 0 0 
    -2.53504294e-03  2 2 b 2 2   a 0 2 b 0   0 0 0 0 0   0 0 a 
     2.53504294e-03  2 2 b 2 2   0 a b 2 0   0 0 0 0 0   0 0 a 
    -2.53504294e-03  2 2 a 2 2   b 0 2 a 0   0 0 0 0 0   0 0 b 
     2.53504294e-03  2 2 a 2 2   0 b a 2 0   0 0 0 0 0   0 0 b 
    -2.53180752e-03  2 2 2 b 2   2 b 0 0 0   0 0 0 0 a   a 0 0 
    -2.53180752e-03  2 2 2 a 2   2 a 0 0 0   0 0 0 0 b   b 0 0 
    -2.53180752e-03  2 2 2 b 2   b 2 0 0 0   0 0 0 0 a   0 a 0 
    -2.53180752e-03  2 2 2 a 2   a 2 0 0 0   0 0 0 0 b   0 b 0 
     2.52653386e-03  2 2 2 2 b   b a 0 a 0   b 0 0 a 0   0 0 0 
    -2.52653386e-03  2 2 2 2 b   a b a 0 0   0 b 0 a 0   0 0 0 
     2.52653386e-03  2 2 2 2 a   a b 0 b 0   a 0 0 b 0   0 0 0 
    -2.52653386e-03  2 2 2 2 a   b a b 0 0   0 a 0 b 0   0 0 0 
    -2.52569043e-03  2 2 2 2 2   2 0 0 0 b   0 0 0 0 0   0 0 a 
    -2.52569043e-03  2 2 2 2 2   0 2 0 0 b   0 0 0 0 0   0 0 a 
    -2.52569043e-03  2 2 2 2 2   2 0 0 0 a   0 0 0 0 0   0 0 b 
    -2.52569043e-03  2 2 2 2 2   0 2 0 0 a   0 0 0 0 0   0 0 b 
     2.51385100e-03  2 2 2 2 2   0 b b 0 0   0 a 0 0 0   a 0 0 
     2.51385100e-03  2 2 2 2 2   0 a a 0 0   0 b 0 0 0   b 0 0 
    -2.51385100e-03  2 2 2 2 2   b 0 0 b 0   a 0 0 0 0   0 a 0 
    -2.51385100e-03  2 2 2 2 2   a 0 0 a 0   b 0 0 0 0   0 b 0 
     2.49169450e-03  2 2 2 a 2   b 2 0 0 0   b 0 0 0 0   0 0 a 
    -2.49169450e-03  2 2 2 a 2   2 b 0 0 0   0 b 0 0 0   0 0 a 
     2.49169450e-03  2 2 2 b 2   a 2 0 0 0   a 0 0 0 0   0 0 b 
    -2.49169450e-03  2 2 2 b 2   2 a 0 0 0   0 a 0 0 0   0 0 b 
     2.47663383e-03  2 2 2 2 0   2 2 0 0 0   0 0 0 0 0   2 0 0 
     2.47663383e-03  2 2 2 2 0   2 2 0 0 0   0 0 0 0 0   0 2 0 
     2.44581907e-03  2 2 a 2 2   0 b 2 0 b   0 0 0 0 0   a 0 0 
     2.44581907e-03  2 2 b 2 2   0 a 2 0 a   0 0 0 0 0   b 0 0 
    -2.44581907e-03  2 2 a 2 2   b 0 0 2 b   0 0 0 0 0   0 a 0 
    -2.44581907e-03  2 2 b 2 2   a 0 0 2 a   0 0 0 0 0   0 b 0 
    -2.43968101e-03  2 2 2 2 2   0 0 2 0 0   2 0 0 0 0   0 0 0 
