 1.02227        1        1        1        1        1        1        1        1        1        1        1        1        1        1        1        1        1        1        1        1        1        1        1        1        1        1        1        1        1        1        1        1        1        1        1
0.985579  1.01468        1        1        1        1        1        1        1        1        1        1        1        1        1        1        1        1        1        1        1        1        1        1        1        1        1        1        1        1        1        1        1        1        1        1
 0.98774 0.964888  1.00558        1        1        1        1        1        1        1        1        1        1        1        1        1        1        1        1        1        1        1        1        1        1        1        1        1        1        1        1        1        1        1        1        1
0.966867 0.986126 0.945647  1.00456        1        1        1        1        1        1        1        1        1        1        1        1        1        1        1        1        1        1        1        1        1        1        1        1        1        1        1        1        1        1        1        1
 1.00962  1.03345  1.04372 0.990361  1.00083        1        1        1        1        1        1        1        1        1        1        1        1        1        1        1        1        1        1        1        1        1        1        1        1        1        1        1        1        1        1        1
 1.02825  1.00614 0.991295  1.05086 0.940143 0.999546        1        1        1        1        1        1        1        1        1        1        1        1        1        1        1        1        1        1        1        1        1        1        1        1        1        1        1        1        1        1
0.923914 0.909346 0.953526 0.979508 0.994428  1.06907 0.991212        1        1        1        1        1        1        1        1        1        1        1        1        1        1        1        1        1        1        1        1        1        1        1        1        1        1        1        1        1
0.912104 0.926633 0.974815 0.958989  1.06262  1.00111 0.842862 0.991458        1        1        1        1        1        1        1        1        1        1        1        1        1        1        1        1        1        1        1        1        1        1        1        1        1        1        1        1
0.918519 0.875007 0.982768 0.933821  1.05984  1.04389 0.887858 0.865716 0.983042        1        1        1        1        1        1        1        1        1        1        1        1        1        1        1        1        1        1        1        1        1        1        1        1        1        1        1
0.902862 0.943102 0.940322 0.986834  1.03804   1.0524 0.874812 0.896632 0.676331  1.03416        1        1        1        1        1        1        1        1        1        1        1        1        1        1        1        1        1        1        1        1        1        1        1        1        1        1
0.935204 0.899782 0.986928 0.936242   1.0521  1.03609 0.886215 0.867268 0.839981 0.779029  1.00475        1        1        1        1        1        1        1        1        1        1        1        1        1        1        1        1        1        1        1        1        1        1        1        1        1
0.887095 0.926865 0.935976  0.98688  1.03976  1.05542 0.875419 0.887189 0.780735 0.857524 0.682841  1.01371        1        1        1        1        1        1        1        1        1        1        1        1        1        1        1        1        1        1        1        1        1        1        1        1
 1.00936  1.05521  0.98893  1.04174 0.964995 0.995689  1.03845 0.963088 0.974171  1.01211 0.976765  1.00865 0.992091        1        1        1        1        1        1        1        1        1        1        1        1        1        1        1        1        1        1        1        1        1        1        1
 1.03602  1.01116  1.03957 0.994088 0.993782 0.967852 0.966295  1.05577 0.991179 0.989177   1.0107 0.983958 0.893179  1.00204        1        1        1        1        1        1        1        1        1        1        1        1        1        1        1        1        1        1        1        1        1        1
  1.0351  1.02755  1.00676  1.00696  1.00113 0.975718 0.970944 0.957661        1 0.836803 0.943332 0.902222 0.930591  0.92198 0.990466        1        1        1        1        1        1        1        1        1        1        1        1        1        1        1        1        1        1        1        1        1
 1.05262  1.05954  1.01448  1.00685 0.974278 0.990521 0.969468 0.981008 0.852468        1 0.902926 0.967144 0.943953 0.941858 0.813728  1.01814        1        1        1        1        1        1        1        1        1        1        1        1        1        1        1        1        1        1        1        1
 1.05004  1.03798  1.00645 0.998598 0.988743     0.96 0.968003 0.953268 0.952708 0.931131        1 0.868356 0.932656 0.932352 0.911262 0.884426  1.00559        1        1        1        1        1        1        1        1        1        1        1        1        1        1        1        1        1        1        1
 1.04173  1.04982  1.01264  1.00435  0.97836 0.993334 0.970252 0.971343 0.918585 0.957662 0.859328        1  0.93982 0.937166 0.873663 0.920578 0.837647 0.997545        1        1        1        1        1        1        1        1        1        1        1        1        1        1        1        1        1        1
 1.03402  1.02702  1.00876  1.01176   1.0046  1.00206  1.05257  1.04607  1.03056  1.08403  1.04074  1.06968  1.03684  1.00396  1.00685  1.03945  1.01841  1.01871  1.02691        1        1        1        1        1        1        1        1        1        1        1        1        1        1        1        1        1
  1.0219   1.0165   1.0141   1.0054   1.0023  1.00208  1.05944  1.04692  1.07025   1.0477  1.08471  1.02967  1.00556   1.0193  1.02486  1.02473  1.02777  1.00406 0.986831  1.03847        1        1        1        1        1        1        1        1        1        1        1        1        1        1        1        1
 1.00756  1.01764  1.02701  1.06107  1.01198  1.02716  1.03643  1.08216  1.03308  1.08029  1.03506  1.07996  1.00319  1.00217 0.990801  1.01193 0.990558  1.01271 0.983686 0.963954  1.00745        1        1        1        1        1        1        1        1        1        1        1        1        1        1        1
 1.01204  1.00287  1.05981  1.02702  1.02467  1.01129  1.08697  1.04423  1.10612  1.04259  1.10707  1.04065  1.00513  1.00905  1.03378   0.9978  1.02403 0.998615 0.939172 0.967204 0.950768  0.99051        1        1        1        1        1        1        1        1        1        1        1        1        1        1
 1.00603  1.00041  1.01959   1.0209 0.995498 0.978731  1.02123  1.03966  1.00808  1.03747  1.00048  1.04031 0.986367 0.960521  0.95696 0.961925 0.950002 0.969463  1.01367  1.03669  1.04964  0.99171  1.00116        1        1        1        1        1        1        1        1        1        1        1        1        1
0.995343 0.997921  1.02131  1.01341 0.978072 0.988708  1.04664  1.02551  1.04456  1.00886  1.04439  1.00574 0.964574 0.986935 0.967025 0.958264 0.956683 0.957028  1.03601   1.0083 0.996298  1.04441 0.939251 0.997305        1        1        1        1        1        1        1        1        1        1        1        1
 1.05019  1.05385  1.04319  1.07883  1.02114  1.04273  1.02756  1.10902  1.14788  1.17111  1.14811  1.16888 0.990581  1.03567  1.08013   1.0732  1.07697  1.06881 0.928442 0.916535 0.953873 0.979009  1.00225  1.06467   1.0008        1        1        1        1        1        1        1        1        1        1        1
 1.06453  1.06387  1.07683  1.03546  1.03891  1.01295  1.11238  1.03318  1.19769  1.14496  1.18481  1.14625  1.03386 0.991242  1.09081   1.0758  1.07289  1.07399 0.897204  0.90871 0.976457 0.946955     1.06 0.990232 0.837487 0.991183        1        1        1        1        1        1        1        1        1        1
 1.02177  1.04745  1.03278  1.07302  1.01467  1.03709  1.14195  1.16174        1  1.35471  1.20085  1.26102  1.08003  1.06113        1  1.19252  1.10827  1.13461 0.930365 0.898625 0.988818 0.951323  1.05563  1.03404 0.895444 0.879136  1.01501        1        1        1        1        1        1        1        1        1
 1.10118  1.05047  1.08558  1.02967   1.0388 0.999376  1.17843  1.14558  1.41492        1  1.30284     1.21  1.09166  1.08371    1.223        1  1.19172  1.10169 0.896101 0.949129 0.931606 0.992229  1.03322  1.05109 0.864308 0.888247 0.684186  1.00287        1        1        1        1        1        1        1        1
 1.04573  1.07935  1.03749  1.07519  1.00944  1.03059  1.14054  1.15982  1.21176  1.27122        1  1.36934  1.08011  1.07955  1.10902  1.12594        1  1.20169 0.938741 0.884895 0.993204  0.94529  1.04976  1.02742 0.896297 0.871052 0.865213  0.77875  1.03173        1        1        1        1        1        1        1
 1.08293  1.03922  1.08557   1.0303  1.04449  1.00516  1.18207  1.14217  1.32028  1.20611  1.39631        1  1.08435  1.08238  1.16615  1.11036  1.23689        1  0.87139  0.92603 0.930747 0.990965  1.03783  1.04943 0.862992 0.889833 0.784095 0.848509 0.675153  1.00326        1        1        1        1        1        1
  1.0248  1.00678  1.00454  1.00278  0.97854  0.96675 0.984567  1.04054  1.09334  1.07431  1.08964  1.07521 0.952944 0.983028    1.026 0.994079  1.01704 0.996617  1.01542   1.0655 0.984696  1.04848 0.968189 0.998479  1.04356  0.96457 0.992958 0.993401 0.989183 0.999861 0.982441        1        1        1        1        1
 1.00794  1.04041 0.999336  1.00649 0.963084 0.982589  1.04159 0.998374  1.08087  1.08902  1.09517  1.07987 0.979664 0.963132 0.998947  1.01895  1.00112   1.0089  1.05403  0.99232   1.0463 0.985139 0.994902 0.963794 0.960104  1.03888 0.996185 0.978586   1.0069 0.975362 0.894628 0.975651        1        1        1        1
 1.00314  1.01024 0.991251  1.00784 0.964088 0.966802  1.06987   1.0676        1  1.20896  1.09766  1.14098  1.00908    0.986        1  1.06006   1.0125  1.02482  1.03494  1.02978  1.00802  1.02726 0.993969 0.970737 0.980374 0.975534        1 0.876806 0.969104 0.925639 0.945046 0.932703 0.993506        1        1        1
 1.04716  1.02454   1.0155 0.987949 0.964469 0.951653  1.07972  1.07955  1.23815        1  1.15268  1.09734  1.00837  1.01739  1.06993        1  1.05434 0.996601  1.05275  1.07762  1.00435  1.01367 0.969937 0.991359 0.959065 0.973679 0.858699        1 0.901468 0.944079 0.925559 0.938457 0.845371  1.00535        1        1
 1.01667  1.03616 0.988855   1.0096 0.954753 0.958244  1.06677  1.06559  1.12372  1.14518        1  1.20338  1.01089  1.00048  1.01713  1.01128        1  1.04911  1.05884  1.04362  1.01085  1.02303 0.987415 0.967602 0.974543 0.962739 0.976789 0.916172        1 0.848839 0.937603 0.939163  0.93312 0.872162  1.00571        1
 1.03068  1.01121  1.01582 0.986868 0.969499 0.954482  1.08226  1.06976  1.18189  1.10886  1.21825        1  1.00596  1.01302  1.04441  1.01835   1.0773        1  1.03059  1.04902  1.00627  1.01103 0.974301 0.988085 0.958061 0.976352  0.91855 0.958849 0.849378        1 0.931523 0.928939 0.890288 0.910851 0.818979 0.985935
