    0      0   1.079512729666e+00
    1      0   7.235359920149e-01
    1      1   1.046784743168e+00
    2      0   4.987694957383e-01
    2      1   1.096236801567e+00
    2      2   1.062104203904e+00
    3      0   1.064825747349e+00
    3      1   5.401804034909e-01
    3      2   8.560227792018e-01
    3      3   1.055740278009e+00
    4      0   8.369371416640e-01
    4      1   1.255525752265e+00
    4      2   8.682456818819e-01
    4      3   1.060607026126e+00
    4      4   1.012878832771e+00
    5      0   1.204742546356e+00
    5      1   8.891870447956e-01
    5      2   1.027532373440e+00
    5      3   8.722475542849e-01
    5      4   7.764495509622e-01
    5      5   1.077644607000e+00
    6      0   9.866512448728e-01
    6      1   1.281634252999e+00
    6      2   9.675502080125e-01
    6      3   1.187156047804e+00
    6      4   7.614820857968e-01
    6      5   9.706271054591e-01
    6      6   1.002280470987e+00
    7      0   1.278687000912e+00
    7      1   9.950279892457e-01
    7      2   1.184414999483e+00
    7      3   9.541185595464e-01
    7      4   1.017375881175e+00
    7      5   7.800754591975e-01
    7      6   7.534058519262e-01
    7      7   9.349031829612e-01
    8      0   1.126059072603e+00
    8      1   1.184950502498e+00
    8      2   1.131277182866e+00
    8      3   1.171842711451e+00
    8      4   9.862799346705e-01
    8      5   1.064549258695e+00
    8      6   8.703394460700e-01
    8      7   9.447467423192e-01
    8      8   9.842787879420e-01
    9      0   1.139744462858e+00
    9      1   1.153185097000e+00
    9      2   1.129771587039e+00
    9      3   1.132591126239e+00
    9      4   1.087373999147e+00
    9      5   1.011676916892e+00
    9      6   9.258118385518e-01
    9      7   8.601032729668e-01
    9      8   7.422890584067e-01
    9      9   9.839043279079e-01
   10      0   1.123020681046e+00
   10      1   1.115198993768e+00
   10      2   1.135515581506e+00
   10      3   1.126026477655e+00
   10      4   1.052366289729e+00
   10      5   1.082964710959e+00
   10      6   9.755288656341e-01
   10      7   1.068410235922e+00
   10      8   7.741262378559e-01
   10      9   9.554844472445e-01
   10     10   1.034470938500e+00
   11      0   1.078023684634e+00
   11      1   1.116121662385e+00
   11      2   1.096337487407e+00
   11      3   1.122195338861e+00
   11      4   1.105316601568e+00
   11      5   1.055032475946e+00
   11      6   1.035275504384e+00
   11      7   9.422395018445e-01
   11      8   9.550377679139e-01
   11      9   7.609735602408e-01
   11     10   7.441983032809e-01
   11     11   1.014532604544e+00
   12      0   1.173257672437e+00
   12      1   1.014073636055e+00
   12      2   1.201110487967e+00
   12      3   1.035594846819e+00
   12      4   1.147012825528e+00
   12      5   9.989142730253e-01
   12      6   1.126730657676e+00
   12      7   1.034208829605e+00
   12      8   9.715252965634e-01
   12      9   1.027141080477e+00
   12     10   8.527166290575e-01
   12     11   9.093719908528e-01
   12     12   9.644356333592e-01
   13      0   9.830372185479e-01
   13      1   1.173418922643e+00
   13      2   1.006627342932e+00
   13      3   1.188729881635e+00
   13      4   1.022384988569e+00
   13      5   1.157244011940e+00
   13      6   1.005526192490e+00
   13      7   1.085067314105e+00
   13      8   1.028465664295e+00
   13      9   9.620262966236e-01
   13     10   9.202735041933e-01
   13     11   8.373401183667e-01
   13     12   7.238624075658e-01
   13     13   9.710431615033e-01
   14      0   1.149137592730e+00
   14      1   1.042093355058e+00
   14      2   1.185773896496e+00
   14      3   1.059654000449e+00
   14      4   1.146827427257e+00
   14      5   1.018376109970e+00
   14      6   1.155037415236e+00
   14      7   1.051337232361e+00
   14      8   1.050058855383e+00
   14      9   1.095824691927e+00
   14     10   9.744147513901e-01
   14     11   1.067858388322e+00
   14     12   7.722691181138e-01
   14     13   9.717680929119e-01
   14     14   1.012362802560e+00
   15      0   9.813631828947e-01
   15      1   1.106801995274e+00
   15      2   1.002519119291e+00
   15      3   1.135765376016e+00
   15      4   1.009752193756e+00
   15      5   1.126754883870e+00
   15      6   1.002187413399e+00
   15      7   1.085799164343e+00
   15      8   1.069984140365e+00
   15      9   1.009465558330e+00
   15     10   1.056281746276e+00
   15     11   9.206620869431e-01
   15     12   9.694121333351e-01
   15     13   7.218083132740e-01
   15     14   7.756636447851e-01
   15     15   1.006232245080e+00
   16      0   1.110527107546e+00
   16      1   1.022990035315e+00
   16      2   1.165203939547e+00
   16      3   1.036044980853e+00
   16      4   1.148130890543e+00
   16      5   1.003191244761e+00
   16      6   1.179750646837e+00
   16      7   1.034100432937e+00
   16      8   1.120015162986e+00
   16      9   1.084924146025e+00
   16     10   1.108768535378e+00
   16     11   1.120869082205e+00
   16     12   9.804469504626e-01
   16     13   1.162987918776e+00
   16     14   8.710718674446e-01
   16     15   1.081936155127e+00
   16     16   1.015085529676e+00
   17      0   9.913408311397e-01
   17      1   1.105730611862e+00
   17      2   1.009897663988e+00
   17      3   1.144958760967e+00
   17      4   1.011383397614e+00
   17      5   1.161251954384e+00
   17      6   1.004279451755e+00
   17      7   1.137194495986e+00
   17      8   1.082144005204e+00
   17      9   1.109821535634e+00
   17     10   1.129328324166e+00
   17     11   1.075760589434e+00
   17     12   1.172881034704e+00
   17     13   9.541638240622e-01
   17     14   1.031813885029e+00
   17     15   9.198572227513e-01
   17     16   8.769281263732e-01
   17     17   1.000127643763e+00
   18      0   1.080455584181e+00
   18      1   9.790164059243e-01
   18      2   1.135563900642e+00
   18      3   9.918250369344e-01
   18      4   1.128065657249e+00
   18      5   9.621343304002e-01
   18      6   1.175261467475e+00
   18      7   9.907430271924e-01
   18      8   1.130151673048e+00
   18      9   1.049414789244e+00
   18     10   1.136577913449e+00
   18     11   1.113891562471e+00
   18     12   1.020882578822e+00
   18     13   1.232776130477e+00
   18     14   8.653773355696e-01
   18     15   1.290304468440e+00
   18     16   5.399657834996e-01
   18     17   1.107060580662e+00
   18     18   1.034396441127e+00
   19      0   9.727011745765e-01
   19      1   1.080636173838e+00
   19      2   9.889031086197e-01
   19      3   1.120574934476e+00
   19      4   9.869135289989e-01
   19      5   1.137086937789e+00
   19      6   9.743773486133e-01
   19      7   1.126628710037e+00
   19      8   1.059290477350e+00
   19      9   1.111774875018e+00
   19     10   1.119761618519e+00
   19     11   1.102501077130e+00
   19     12   1.245791808541e+00
   19     13   9.847772268509e-01
   19     14   1.212216388319e+00
   19     15   8.840267912146e-01
   19     16   1.122315228099e+00
   19     17   5.130857793650e-01
   19     18   7.220078623371e-01
   19     19   1.033708356125e+00
