      -0.9123574515  2 2 2 2 2   2 2 0 0 0   0 0 0 0 0   0 0 0 
       0.1626588178  2 2 2 2 2   0 2 2 0 0   0 0 0 0 0   0 0 0 
       0.1626588178  2 2 2 2 2   2 0 0 2 0   0 0 0 0 0   0 0 0 
      -0.0938586409  2 2 2 2 2   a b b a 0   0 0 0 0 0   0 0 0 
      -0.0938586409  2 2 2 2 2   b a a b 0   0 0 0 0 0   0 0 0 
      -0.0556570579  2 2 2 2 2   0 0 2 2 0   0 0 0 0 0   0 0 0 
      -0.0536767141  2 2 2 2 2   b a b a 0   0 0 0 0 0   0 0 0 
      -0.0536767141  2 2 2 2 2   a b a b 0   0 0 0 0 0   0 0 0 
       0.0535888571  2 2 2 0 2   2 2 2 0 0   0 0 0 0 0   0 0 0 
       0.0535888571  2 2 2 0 2   2 2 0 2 0   0 0 0 0 0   0 0 0 
       0.0398947875  2 2 2 2 2   b b a a 0   0 0 0 0 0   0 0 0 
       0.0398947875  2 2 2 2 2   a a b b 0   0 0 0 0 0   0 0 0 
       0.0344673021  2 2 2 2 0   2 2 0 0 0   0 0 0 2 0   0 0 0 
       0.0338341260  2 2 2 2 0   2 2 0 0 2   0 0 0 0 0   0 0 0 
      -0.0333792858  2 2 2 2 b   a 2 b 0 a   0 0 0 0 0   0 0 0 
       0.0333792858  2 2 2 2 b   2 a 0 b a   0 0 0 0 0   0 0 0 
      -0.0333792858  2 2 2 2 a   b 2 a 0 b   0 0 0 0 0   0 0 0 
       0.0333792858  2 2 2 2 a   2 b 0 a b   0 0 0 0 0   0 0 0 
      -0.0325894555  2 2 2 2 2   0 2 b 0 0   0 0 0 0 0   a 0 0 
      -0.0325894555  2 2 2 2 2   0 2 a 0 0   0 0 0 0 0   b 0 0 
      -0.0325894555  2 2 2 2 2   2 0 0 b 0   0 0 0 0 0   0 a 0 
      -0.0325894555  2 2 2 2 2   2 0 0 a 0   0 0 0 0 0   0 b 0 
      -0.0314520754  2 2 2 2 b   b 2 a 0 a   0 0 0 0 0   0 0 0 
       0.0314520754  2 2 2 2 b   2 b 0 a a   0 0 0 0 0   0 0 0 
      -0.0314520754  2 2 2 2 a   a 2 b 0 b   0 0 0 0 0   0 0 0 
       0.0314520754  2 2 2 2 a   2 a 0 b b   0 0 0 0 0   0 0 0 
       0.0293514369  2 2 2 2 b   a 2 b 0 0   0 0 0 a 0   0 0 0 
      -0.0293514369  2 2 2 2 b   2 a 0 b 0   0 0 0 a 0   0 0 0 
       0.0293514369  2 2 2 2 a   b 2 a 0 0   0 0 0 b 0   0 0 0 
      -0.0293514369  2 2 2 2 a   2 b 0 a 0   0 0 0 b 0   0 0 0 
       0.0292374664  2 2 2 2 2   b 2 0 0 0   a 0 0 0 0   0 0 0 
       0.0292374664  2 2 2 2 2   a 2 0 0 0   b 0 0 0 0   0 0 0 
      -0.0292374664  2 2 2 2 2   2 b 0 0 0   0 a 0 0 0   0 0 0 
      -0.0292374664  2 2 2 2 2   2 a 0 0 0   0 b 0 0 0   0 0 0 
      -0.0280472482  2 2 b 2 2   a 2 b 0 a   0 0 0 0 0   0 0 0 
       0.0280472482  2 2 b 2 2   2 a 0 b a   0 0 0 0 0   0 0 0 
      -0.0280472482  2 2 a 2 2   b 2 a 0 b   0 0 0 0 0   0 0 0 
       0.0280472482  2 2 a 2 2   2 b 0 a b   0 0 0 0 0   0 0 0 
       0.0240627157  2 2 2 2 0   2 2 0 0 0   0 0 2 0 0   0 0 0 
       0.0238662658  2 2 2 2 0   2 2 2 0 0   0 0 0 0 0   0 0 0 
       0.0238662658  2 2 2 2 0   2 2 0 2 0   0 0 0 0 0   0 0 0 
      -0.0224655987  2 2 a 2 2   b 2 b 0 a   0 0 0 0 0   0 0 0 
       0.0224655987  2 2 a 2 2   2 b 0 b a   0 0 0 0 0   0 0 0 
      -0.0224655987  2 2 b 2 2   a 2 a 0 b   0 0 0 0 0   0 0 0 
       0.0224655987  2 2 b 2 2   2 a 0 a b   0 0 0 0 0   0 0 0 
       0.0221849032  2 2 0 2 2   2 2 0 0 2   0 0 0 0 0   0 0 0 
       0.0209816443  2 2 2 2 2   0 2 0 0 0   2 0 0 0 0   0 0 0 
       0.0209816443  2 2 2 2 2   2 0 0 0 0   0 2 0 0 0   0 0 0 
       0.0208891970  2 2 2 2 2   b a 0 b 0   0 0 0 0 0   a 0 0 
       0.0208891970  2 2 2 2 2   a b 0 a 0   0 0 0 0 0   b 0 0 
       0.0208891970  2 2 2 2 2   a b b 0 0   0 0 0 0 0   0 a 0 
       0.0208891970  2 2 2 2 2   b a a 0 0   0 0 0 0 0   0 b 0 
      -0.0192712129  2 2 2 2 0   2 2 0 0 b   0 0 0 a 0   0 0 0 
      -0.0192712129  2 2 2 2 0   2 2 0 0 a   0 0 0 b 0   0 0 0 
       0.0185707870  2 2 2 2 b   b 2 a 0 0   0 0 0 a 0   0 0 0 
      -0.0185707870  2 2 2 2 b   2 b 0 a 0   0 0 0 a 0   0 0 0 
       0.0185707870  2 2 2 2 a   a 2 b 0 0   0 0 0 b 0   0 0 0 
      -0.0185707870  2 2 2 2 a   2 a 0 b 0   0 0 0 b 0   0 0 0 
       0.0181074837  2 2 2 0 2   2 2 0 0 2   0 0 0 0 0   0 0 0 
      -0.0174214184  2 2 2 2 b   a 2 0 0 0   b 0 a 0 0   0 0 0 
       0.0174214184  2 2 2 2 b   2 a 0 0 0   0 b a 0 0   0 0 0 
      -0.0174214184  2 2 2 2 a   b 2 0 0 0   a 0 b 0 0   0 0 0 
       0.0174214184  2 2 2 2 a   2 b 0 0 0   0 a b 0 0   0 0 0 
       0.0171011363  2 2 2 a b   2 2 0 0 0   0 0 b a 0   0 0 0 
       0.0171011363  2 2 2 b a   2 2 0 0 0   0 0 a b 0   0 0 0 
      -0.0168386977  2 2 2 2 2   a b 0 0 0   b a 0 0 0   0 0 0 
      -0.0168386977  2 2 2 2 2   b a 0 0 0   a b 0 0 0   0 0 0 
      -0.0166842202  2 2 2 2 a   b 2 0 0 0   0 0 0 b 0   a 0 0 
      -0.0166842202  2 2 2 2 b   a 2 0 0 0   0 0 0 a 0   b 0 0 
       0.0166842202  2 2 2 2 a   2 b 0 0 0   0 0 0 b 0   0 a 0 
       0.0166842202  2 2 2 2 b   2 a 0 0 0   0 0 0 a 0   0 b 0 
      -0.0161074160  2 2 a 2 b   2 2 0 0 b   0 0 0 a 0   0 0 0 
      -0.0161074160  2 2 b 2 a   2 2 0 0 a   0 0 0 b 0   0 0 0 
       0.0153785060  2 2 2 b a   2 2 0 0 0   0 0 b a 0   0 0 0 
       0.0153785060  2 2 2 a b   2 2 0 0 0   0 0 a b 0   0 0 0 
      -0.0153405276  2 2 2 b 2   a 2 b 0 0   0 0 0 0 a   0 0 0 
       0.0153405276  2 2 2 b 2   2 a 0 b 0   0 0 0 0 a   0 0 0 
      -0.0153405276  2 2 2 a 2   b 2 a 0 0   0 0 0 0 b   0 0 0 
       0.0153405276  2 2 2 a 2   2 b 0 a 0   0 0 0 0 b   0 0 0 
       0.0149435507  2 2 2 2 2   0 2 0 0 0   0 0 0 0 0   2 0 0 
       0.0149435507  2 2 2 2 2   2 0 0 0 0   0 0 0 0 0   0 2 0 
       0.0148109334  2 2 2 2 2   2 0 2 0 0   0 0 0 0 0   0 0 0 
       0.0148109334  2 2 2 2 2   0 2 0 2 0   0 0 0 0 0   0 0 0 
       0.0147059747  2 2 2 2 2   b a 2 0 0   0 0 0 0 0   0 0 0 
       0.0147059747  2 2 2 2 2   a b 2 0 0   0 0 0 0 0   0 0 0 
      -0.0147059747  2 2 2 2 2   b a 0 2 0   0 0 0 0 0   0 0 0 
      -0.0147059747  2 2 2 2 2   a b 0 2 0   0 0 0 0 0   0 0 0 
      -0.0146989155  2 2 2 2 2   2 0 b a 0   0 0 0 0 0   0 0 0 
       0.0146989155  2 2 2 2 2   0 2 b a 0   0 0 0 0 0   0 0 0 
      -0.0146989155  2 2 2 2 2   2 0 a b 0   0 0 0 0 0   0 0 0 
       0.0146989155  2 2 2 2 2   0 2 a b 0   0 0 0 0 0   0 0 0 
       0.0146849080  2 2 2 0 2   2 2 0 0 0   0 0 0 2 0   0 0 0 
       0.0143145972  2 2 2 2 2   b b 0 0 0   a a 0 0 0   0 0 0 
       0.0143145972  2 2 2 2 2   a a 0 0 0   b b 0 0 0   0 0 0 
       0.0142517685  2 2 a 2 2   b 2 0 0 b   0 0 0 0 0   a 0 0 
       0.0142517685  2 2 b 2 2   a 2 0 0 a   0 0 0 0 0   b 0 0 
      -0.0142517685  2 2 a 2 2   2 b 0 0 b   0 0 0 0 0   0 a 0 
      -0.0142517685  2 2 b 2 2   2 a 0 0 a   0 0 0 0 0   0 b 0 
      -0.0140577797  2 2 2 b a   2 2 0 0 0   0 0 0 b a   0 0 0 
      -0.0140577797  2 2 2 a b   2 2 0 0 0   0 0 0 a b   0 0 0 
