1.0000000000e+00 -8.4534922102e-16 -7.9964326756e-18 -2.2985244111e-16 -3.6388275711e-17 5.0607697874e-18 1.8427040693e-17 -3.5839768813e-18 -1.1049669939e-17 3.0765096820e-17 2.9386342517e-19 1.5950624578e-18 -6.5460854427e-17 5.4820068762e-17 5.0176723517e-17 -4.7095761281e-18 -1.8685143357e-17 -3.7436934649e-18 
-1.1319498800e-15 1.0000000000e+00 -3.8877832524e-17 1.6706162310e-16 1.2304463363e-17 -5.0620986273e-18 -1.8429893922e-17 3.5850358344e-18 1.1052848117e-17 5.3768682361e-17 -2.9377381542e-19 -1.5949010830e-18 5.7937505467e-17 -4.7334859763e-17 -4.3101293990e-17 4.7103528013e-18 1.8688729755e-17 1.2858155861e-16 
6.9758711670e-17 -5.2335767863e-17 1.0000000000e+00 -2.0889150490e-16 -7.7200433119e-17 -3.4306104983e-17 1.4986201443e-18 3.4793752888e-17 2.4172434404e-17 5.6398867767e-17 1.6543217447e-17 1.8889936020e-17 -1.0955484351e-16 2.0366853870e-16 -5.5486958713e-17 -9.0260282153e-18 2.1323025463e-18 2.4302936722e-16 
-2.5940821481e-16 1.3775512606e-16 -2.3084281236e-16 1.0000000000e+00 -1.1239631771e-16 -4.7161083814e-17 -1.0494257412e-16 8.6956336076e-17 -6.4311188976e-17 1.8260733569e-16 4.7947330670e-17 3.5089466923e-17 1.3031408778e-16 2.6534028885e-16 1.7540478182e-16 -2.4957362527e-17 1.4635108131e-17 -3.5767834012e-16 
-5.6611742433e-17 1.8606321874e-17 2.1098275392e-17 -6.2719145848e-17 1.0000000000e+00 -5.0264028383e-17 8.8904544954e-17 -4.0471859724e-17 7.2908425486e-17 1.2206820844e-16 -5.4055885758e-17 -2.1856659781e-16 1.3792907362e-16 -4.5878248345e-17 -4.1557528781e-16 7.6136203212e-17 1.0641032500e-16 -2.6104177080e-16 
5.0607697874e-18 -5.0620986273e-18 -3.4306104983e-17 -4.7161083814e-17 -5.0264028383e-17 1.0000000000e+00 -6.2163166081e-17 -2.5568606229e-16 1.5147931817e-17 1.0216960973e-18 -3.1699881271e-17 -7.4873092022e-17 -2.2476274124e-17 -6.7501101447e-18 -1.0564206166e-16 1.2670561652e-16 6.8772680434e-17 -5.3043167700e-17 
1.8427040693e-17 -1.8429893922e-17 1.4986201443e-18 -1.0494257412e-16 8.8904544954e-17 -6.9289123883e-17 1.0000000000e+00 4.7890543073e-17 -3.0351094723e-16 -4.6498012867e-18 1.3842978332e-17 1.4567311818e-16 6.3445947906e-17 -8.7071451490e-17 3.2781891803e-17 1.7830188769e-17 1.8262191787e-16 8.3118504040e-18 
-3.5839768813e-18 3.5850358344e-18 3.4793752888e-17 8.6956336076e-17 -4.0471859724e-17 -1.7884754903e-16 5.5097561778e-17 1.0000000000e+00 3.6890025903e-17 5.7495902160e-17 -4.3132568852e-16 1.2205052894e-16 -2.3748100758e-17 2.8204863150e-17 1.0857016400e-17 -1.5948410254e-16 -6.8004365380e-17 4.8829096943e-17 
-1.1049669939e-17 1.1052848117e-17 2.4172434404e-17 -6.4311188976e-17 7.2908425486e-17 1.9707431844e-18 -4.7059426374e-16 3.7181394573e-17 1.0000000000e+00 -1.2140005986e-17 6.9600436780e-17 -1.7310118838e-16 1.6239453185e-17 -5.1587597951e-17 2.3999824964e-17 -4.1062832195e-17 -1.1608803269e-17 -7.5418199998e-18 
6.0284156373e-17 4.4355277393e-17 5.3153113759e-16 7.3125228051e-17 7.7725805518e-17 1.0216960973e-18 -4.6498012867e-18 5.7495902160e-17 -1.2140005986e-17 1.0000000000e+00 4.0881412324e-17 -2.5367740342e-17 -4.7685832467e-16 -8.3778711120e-16 -2.8183310321e-19 -1.5993256525e-17 1.5506401894e-18 -6.3787362764e-16 
2.9386342517e-19 -2.9377381542e-19 1.6543217447e-17 4.7947330670e-17 -5.4055885758e-17 -5.3576433188e-17 8.5026533366e-18 -4.3141877298e-16 6.5572124596e-17 4.0881412324e-17 1.0000000000e+00 2.1570851424e-16 8.1962153935e-17 9.0756114575e-18 -3.0921421096e-18 -5.0310243608e-17 -1.4267641376e-16 1.6336591242e-17 
1.5950624578e-18 -1.5949010830e-18 1.8889936020e-17 3.5089466923e-17 -2.1856659781e-16 -6.8401715608e-17 2.6883340884e-16 1.1591348410e-16 -1.8613697645e-16 -2.5367740342e-17 2.1615884494e-16 1.0000000000e+00 5.0681775493e-17 -5.7422528744e-17 8.2217955984e-17 2.4501683204e-16 -2.3917276549e-16 1.7257624886e-17 
-9.9054657014e-17 5.9449724247e-17 -1.0104331737e-16 5.2921838387e-17 3.8878700265e-17 -2.2476274124e-17 6.3445947906e-17 -2.3748100758e-17 1.6239453185e-17 -2.8609602853e-16 8.1962153935e-17 5.0681775493e-17 1.0000000000e+00 -1.3733173063e-16 6.7265269558e-16 -3.2672961810e-17 3.6744541492e-17 -3.7138689255e-16 
2.7038865054e-17 -9.3773440276e-17 3.1225193124e-16 1.9000087403e-16 -2.3919987704e-17 -6.7501101447e-18 -8.7071451490e-17 2.8204863150e-17 -5.1587597951e-17 -4.9906856065e-16 9.0756114575e-18 -5.7422528744e-17 -1.6202563372e-16 1.0000000000e+00 -8.4666744486e-17 1.2948688764e-17 5.3383871347e-17 -4.2922584550e-16 
1.5098371940e-16 -2.8102820057e-17 -4.0717582589e-17 1.3817506504e-16 -4.0738708914e-16 -1.0564206166e-16 3.2781891803e-17 1.0857016400e-17 2.3999824964e-17 5.6332374268e-17 -3.0921421096e-18 8.2217955984e-17 6.1181932766e-16 -1.8306156018e-16 1.0000000000e+00 -5.5711502295e-18 -2.4846835042e-17 -7.1922803382e-16 
-4.7095761281e-18 4.7103528013e-18 -9.0260282153e-18 -2.4957362527e-17 7.6136203212e-17 2.7790115666e-16 -4.3894498726e-17 -1.0611537601e-16 -6.2206785273e-17 -1.5993256525e-17 -1.5660256608e-16 2.7570581071e-16 -3.2672961810e-17 1.2948688764e-17 -5.5711502295e-18 1.0000000000e+00 1.1184952531e-16 -1.5596350874e-17 
-1.8685143357e-17 1.8688729755e-17 2.1323025463e-18 1.4635108131e-17 1.0641032500e-16 1.6909313165e-17 6.8926691942e-17 -5.8401988981e-17 -3.1000573600e-17 1.5506401894e-18 -1.0107909434e-16 -2.5640634757e-16 3.6744541492e-17 5.3383871347e-17 -2.4846835042e-17 1.8931615857e-16 1.0000000000e+00 -8.5835465308e-18 
-1.2624088900e-17 1.8601124976e-17 7.3529405477e-16 -7.9349480423e-17 -1.7403592378e-16 -5.3043167700e-17 8.3118504040e-18 4.8829096943e-17 -7.5418199998e-18 1.0599492367e-16 1.6336591242e-17 1.7257624886e-17 -7.6462993589e-16 -1.5130515526e-15 -1.0263795031e-16 -1.5596350874e-17 -8.5835465308e-18 1.0000000000e+00 
